1 2 3 4 5 6 7 8
5 7 9 10
5 11

1 5 12



13 14 15 16 17


5 18 19 20 21 22
5 16 22 23 24 25 26 27



5
5 28
5 10 29 30 31 32 33

8 17 34 35
1 17


36 37 38 39 40 41 42

17 22 43 44
5 22 45 46 47 48
5 13 15 16 18 35 49 50 51 52 53 54 55
5 7 45 51 56 57 58 59 60 61



5 29 62

6 17 63 64
1 5 12 65 66
5 8 22 31 62 67 68 69



17 70



5 29 71 72 73
5 42 74 75 76


5 23 25 31 36 45 48 77 78 79 80 81 82 83
5 29 84 85

5

5 86 87
17 88 89
5 31 90 91





1 9 17 22 23 25 26 31 36 48 60 80 82 92 93 94 95 96 97 98
1 5 12 66
5 87


5 52 99 100 101 102
5 31 34 36 64 79 103
17 78 83 104

5 105




22 75 106 107 108
5 16 48 67 103 109 110
5 16 111



1 5 31 69 77 87 112
5 113
5 11 16 30 42 114


19






5 51

5 115 116 117

17

5 118
5 119 120


5 22


17 43 121 122 123

17
17 22 25 31 117 124
6 64 125 126 127






5 99





48 111 128 129 130





5 22 45 46 48 95

5 31 33 35 39 104 131

14 17 31 48 110 111 132
5 7 19 54 133 134

1 5 12 51 54 71 135

5 30 45 77 135



5 22 98 136
17



1 5 8 137

17 132
17 63 64


5 29 138
5 40 64 79 139

5 140

5


5 32 106








17 22 128 140





5
17 141 142


5






17 143

1 8 17

5 44 71 120 144
5 22 51 58 73 104 125 136 145 146 147


5 18 89 126 134 148 149 150

1 8 17 31 42
1 5 10 29 54
5
5 19 31 42 109 130
17 22
5 13 70 151 152 153
5 8 91 103 154
5 115
5 23 48 94 110 155 156

17 26 64 79
17 157
17

5 66

1 17 78
5 120 144
5 68 158 159 160






17
5 31 45 46 48 53 150
17
17 37 48 77 92 161 162
17 22 46 52 100 163


5 22 76



5 15 31 48 54 56 71 156 164 165 166



5 29

5 42 152 167
5 29 51



5 10 21 130
1 5 8 28 31 60 149 150 151 153 168



5 169
5 170 171 172

3 17 151 164 173



5 8 35 57 61 62

1 17 71 85 101 172 174 175
5



5 36 46 92 176 177 178

1 5 8 61
17 25 83

5




5 22 116 179 180 181

5 64 98 182




17 90
17 22 23 48 87 183

5 16 19 129 179



5 8 16 30 31 42 75 86

5 26 31 64 121 127 184
17 55 64 127 146 147 157
5 23 38 81 87 131 185 186
5
17 26 34 36 45 46 163

5 71 85 98 166 171 187 188
5




5 16 22 26 36 64 79 189




5 51 64 79 190

5



5 22 46 98 187 191








5 61 74

5 16 64 79 95 169 192
5 192
1 17 163
5 42 74 84 111 164


17

1 5 19 31 42 54 137 183





17 22 101
5 42 111 182 193
5 16 22 89 194
5 64 114 127


2 5 8 133 164
5 22 106 194 195


5 104 196

2 17 147
2 5 42 133 139


5 23 31 48 72 78 96 101 197

5 16 186 198




5
5




5




5 46 48 49 98 144 181 188 199
162
9 17 158 186 200
5 22 201

17 25 202
5 26 139 203 204 205
5 104 123 184

5 64

5 54 113 150 173 193 206

5 50 79 88


5 29 31 48 68 81




5



5 8 35 101

5 23 31 35 36 48 52 81 83 84 93 97 110 159 167 207
17 23 27 197 207

16 17 175 200 208

46 48 209

5



5 8 16 22 42 67 99 103
5 22 34 46
5 36 46 71 85 174 190 198 206

5 210 211

2 5 16 22 30 37 42 71 89 107
5 16 141 191
17 22




5 22 31 77 99 145 150 199


1 17 19 22 52 136 164 193 212 213 214

5 29



5 36 48 161 176 177 203 205
17
5 7 8 13 107 136 210 213


5 46 48 108 118 182 205

5 13 89 98 214

5 22 166


12 17 98 100 102 111 126 149 206 215
5 60 154 215


5 100 165

5 104
5 138 195



5 31 46 47 50 71 87 115 142 149 199
22 50 196
17 54 130 197

17

29
5 12 115
5 216
5 67 143 180 185
5
5 85 209
16 48 57 122 179
5 12 22 135

5 62 83 155 170

5 22 58 62


5 14 54 89 136 168 189
17 202


5 120 178 181

5

5 22 140
211 217

5 16 22 48 73 79 118 187



5 41
5 29 134 139
5 196





17 23 48 59 64 79 81

5 12 26 60 66 128 164 212 216
17







17
4 5 23 29 78 93 97 148 190
17

112 217
5 29
5 25 124 139 204

5 20 22 51 100 150


5 64 99
5 22 29 65
5 62 166
1 5 6 8 22 30 73 79 89 119 126 160 201

5 24 105 195
5 16 62
22 35 60


5 22
5 22 32 158 186 200
14 17 25 31 78 81 93 96 132 218 219 220

3 5 16 22 89 178 200 221 222 223 224 225 226 227
5 16 156 228 229
17


5 22 23 31 48 83 155 200 230 231 232 233 234 235
5 22 200 236 237 238
15 17 103 211 239
17 41 50 186 190 200 240 241 242 243

14 17 22 87 108 132 151 157 244 245
5 16 22 89 198 200 243 246 247
5 248 249
5 158 186 250 251 252 253 254
5 15 30 91 255 256 257 258 259 260 261 262 263
5 8 62 146 182 264 265
5 84 266 267 268 269

5 25 27 36 78 200 270 271 272
5 22 62 200 233 273 274 275

5 276

14 17 132
17 158 200 246 275 277 278 279 280 281 282

4 5 200 206 227 283 284

36 112 230 285
5 22 200 265 286
17 18 31 85 139 225 287 288 289 290 291 292 293
5 15 27 89 96 139 144 294 295 296 297 298
5 53 103 178 239 299
17

5 9 138 200 222 243 247 262 300
5 37 200 262 301 302 303 304
5 15 16 37 136 189 193 200 230 246 254 305 306 307 308 309 310

5 76 206 311 312 313

5 200 314


5 54 61 315 316 317
5 22 200 285 318 319 320 321
5 322
5 25 83 218
5 22 158 200 323
5 15 125 200 230 324 325 326 327 328
15 17 58 74 87 181 329 330
17 200 233 331 332 333

5 89 118 200 243 247 334
5 22 198 200 225 283 335 336
17 337
5 22 186 200 222 304 338 339
5 158 186 200
5 15 87 88 100 111 212 340 341 342
17 200 297
5 200 287 343 344 345
5 76 346
5 22 108 152 158 226 316 347

5 89 200 227 304 348 349
5 28 200 221 227 246 274 350 351 352 353
5 14 31 61 62 68 132 354 355 356 357
17 158 186 200 358 359
5
5 200 360
5
5 16 144 158 186 200 206 214 361
14 16 17 18 57 132 331 362 363 364 365 366
5 36 158 186 200 230 367
5 368 369 370 371
5 200 314 345
5 16 89 137

5 22 41 137 158 186 200 236
5 31 71 110 200 225 229 231 259 262 263 272 304 372 373 374
5 23 26 36 57 68 80 87 139 200 227 230 305 375 376 377 378 379
13 17 22 54 327 380 381 382 383 384
17 200 369 385
5 178



17 22 157 200

15 16 17 36 170 200 230 386 387 388 389
5 31 36 48 68 74 78 113 308 390 391

14 31 132

5 158 186 233 392

5 393

5 158 186 190 192 200 222 369 394 395
5 15 141 396 397 398
17 190 225 399 400 401 402 403

5 200 243 247 404
5 86 200 212 230 243 405 406
5 61 200 227 274 378 407 408
5 158 200 327 409 410
5 200 227 283 411

5 22 158 186 200
5 200 412 413
5 6 13 29 126 256 270 414
5 15 16 36 87 173 200 230 243 247 277 369 415 416 417
5 23 25 35 81 186 249 279 418 419
5 89 178 285 353
17 132 331
4 5 20 35 405 420
5
5 15 23 48 107 110 154 327 421 422 423 424 425

17 111 153 225 227
5 16 48 137 190 200 225 233 246 307 326
17 200 408 426 427 428 429 430


5 99 431 432
17 22 48 89 200 433 434 435 436 437 438
5 9 22 31 190 200 230 323 354 439 440 441 442

3 17 53 57 89 147 187 200 231 233 235
443
5 158 186 190 200 444 445 446 447
5 16 19 65 70 90 111 125 331 356 400 448 449 450 451 452 453
5 16 156 243 247 296 387 454 455
5

5 16 22 89 144 200 261
84 456 457


5 200 243 247 265 458

5 6 200 459
5 99 200 230 243 442 460
5 99 423 461

17 57 72 135 462 463
248 327 464
5 178 200 253 283


5 158 160 200
5 16 200 222 258 465 466
5 16 158 467
17 57 200 233 283 368 410 468
5 186 304 469 470 471
17 202
17 26 31 57 67 80 83 132 155 283 327 331 472 473 474

5 256
5 276

17 71 154 187 227 307 406 426 428 475 476 477 478 479
17 36 111 227 407 480
23 48 139 217 327 424 481
5 22 209 286 324 482
5 22 186 200 243 320 483 484
5 206 331 485



17 22 90 200 226 398 486 487
5 16 225 257 488
5
5 16 200 206 243 247 467 475

12 15 17 489
5 158 186 200 442 490 491
17 492
5 328 426 428 430 493
17 50 211 494 495 496 497
17 480

5 134 136 173 286 306 321 421 498
5 89 369 499 500
16 17 20 22 57 100 236 318 365 481 501 502
12 15 17 85 288 436 503

5 78 227 243 262 407 504 505 506
5 51 136 158 200 507
5 200 270 463
5 48 110 200 230 283 425 508
17 31 200 243 272 410 460 509 510 511
4 5 200 227 407
5
17 89 200 206 433 512
5 320 483 513 514

5 61 99 158 200 515
5 22 200
5 30 111 137 158 182 186 200 212 265 267 325 506 516 517


17 327 398 518 519 520 521


5 57 120 206 430 475 493 522 523 524


17 22 200 525

17 22 200 324 420 526
17 154 227 407
5 15 22 49 158 181 186 200 527 528
5 16 37 186 200 222 246 272 441 529 530 531 532 533
5 18 22 31 53 200 243 247 334 534
5 22 51 200
5 71 85 89 190 192 200 221 226 283 331 535 536
5 158 200 243 398 537
5 36 200 230 243 244 247 318 320 476 538
5
5 28 158 186 200
5 200 539
5 22 192 456 540



5 36 287 541 542
101 200 243 247 543 544 545

5 51 71 186 200 222 229 546

5 86 200
5 22 200 230 283 528 545 547 548 549
5 25 48 179 275 377 452 550 551
5 16 32 141 214 246 256 361 428 430
5 26 158 186 200 279 288 339 552 553 554
5 32 158 186 188 200 307 325 536 555
62 287 343 345
5 178
5 8 200 262 274 286 447 556 557
5 23 25 48 78 198 218 220 230 378 497 529 558 559 560 561 562
17 237
5 118 158 186 190 200



5 158 186 200 563

5 186 441 564 565
5 200 206 222 265 566
16 22 200 427 543 567
5 158 200 412 568
5 158 186 200 569 570
100 200 217 331 386
5 16 61 89 190 200 227 253 283 543
92
5
17
17 71 200 225 279

158 160 186 200 262 284
5 13 15 200
5 35 409
5 36 37 114 129 200 243 405 571
17 48 110 190 200 230 283 398 572

3 17 87 200 227 233 573


17 22 87 175 262 426 430 523 574
17 200
5 198 200 575 576
5 14 48 57 74 118 132 179 327 354 364 365 430 577 578 579 580 581
17 227 283
5 158 186 189 200 469 582 583 584
5 53 158 186 200 253 262 316

5 10 200 364 430
5 15 89 111 196 200 479 516
5 118 158 186

17
5 190 200 312 585 586 587 588
5
5 86 200 227 283 406 589 590
5 591 592

8 16 17 274 339 553
5 211 427 448 452 593
5 22 190 200 227 283 548 594 595 596
5 15 32 71 85 200 262 313 597 598 599
5
5 22 30 109 200 600 601
5 15 158 200 243 408 537 568 602 603 604

5 71 85 89 190 200 225 605
5 285 606
5 32 36 61 158 243 256 437 537 607
5 26 158 186 192
430 523 608

17 153 190 311 609
5 200 610

5 10 103 158 230 334


5 85 253 486 490

14 17 31 48 461 498 541
3 190 200 225 227 368 447 611 612
5 15 30 31 179 190 276 399 436 474 481 613

5 22 118 151 193 386 614
5 16 22 81 178 193 200 230 277 401 600 615
5 22 48 50 53 110 277 352 552 616
5 16 36 73 74 230 334 538 617 618
17 619
3 4 5 22 222 227 233 288 300 392 620
5 16 118 200 206 213 230 407 410 546 621 622 623
5 22 112 250
5 37 190 200 227 246 283 624 625
5 31 37 190 200 230 272 301 303 528 562 603 626
5 190 200 427
5 200 288 475 627 628
5 15 89 106 158 186 200 555 629
16 71 89 223
48 57 222 329 452 583 630

5 15 283 410 427
4 5 291 631
5 200 230 243 632 633
17 22 42 58 164 173 214 634 635
5 10 16 22 48 110 327 420 567 636 637

15 16 200 227 265 283 559 610 638 639
8 17 22 57 74 87 103 151 201 287 519 640 641 642

17 333 643
5 108 147 644 645
5 158 200 278 281 467
5 200 646 647
17
17 107 111 193 473 648 649
5 200
5 16 181 230 283 410
5 200 236 238 243 247 348

5 12 111 125 348 650
5 16 89 98 200 212 233 243 269 441 458 505 506 537
16 17 22 158 164 186 200 520 612 651
5 147 200 212 227 233 245 283 331 652 653
5 57 91 200 222 254 327 463 472
17 19 54 297 327 362 380 383 654
5 45 84 200 227 229 283 655
5 158 200 212 221 506

5 22 29 57 78 158 200 220 332
5 53 112 491
17 31 159 202
5 36 186 200 230 243 262 619

17


17
5 16 48 89 190 200 234 274 399 415 656 657 658
5 15 16 22 48 71 147 206 277 279 283 301 335 461 493 659 660 661 662

5
5 22 137 439 473 501

15 17 57 200 230 272 326 331 339 510 511

17
5 16 22 186 200 222 238 253 418 430 445 501
28 29 77 200 217
17 230 243 405 663
5 233 664
5 15 57 65 101 200 310 351 665
5 28 158 186 200
15 17 35 58 666
5 158 186 300 442
5 89 214 306 660 667
17 31 48 74 87 170 190 200 225 227 230 504 573 668
5 200 227 283
83 87 90 217 669 670
5 13 16 83 155 444 446 671

5 61 135 190 200 252 253 326 672
5 200 398

5 73 158 200 214 226 246 254 361 447
5 16 222 224 226 246 287 352 624 673
5 200 465
5 31 54 248 349 674 675
5 41 200 233 333 388 475 676
5 115 190 200 262 267

15 17 22 158 186 200 233 238 392 463 599 677 678 679
5 15 16 23 36 200 230 331 339 419 561 562 628 639 680 681 682 683 684
5 15 16 58 256 674
5 151 164 386 674

16 17 200 233
15 17 22 106 111 512 544 685
17 20 36 49 181 200 230 261 686 687

17 23 26 48 132 155 200 222 233 423 680 688
16 17 89 202 349 421 689 690
5 16 74 111 190 200 325 445 458 691
17 26 48 132 420 492 545 577 692
16 17 25 73 200 232 243 504 557 677 678 693 694 695
17 30 54 340 423 654 696 697

5 200 225 230 331 674 679 698
5 139 158 200 222 243 537
5 186 392 441 463 529
17 22 200 202
17 200
5 13 22 31 32 214 375 481 699


5 22 181 270

5 200 230 339 347 350 607 700
17 200 333 676
5 20 22 31 48 57 153 200 233 364 423 701 702
5 16 22 31 36 48 136 146 147 192 283 286

17 48 582
17 190 703 704
17 22 200 705
5 246 276 457 474 481 706 707
5 16 256 591

5
5 9 200 243 247
5 182 198 265 430 493


3 15 17 22 31 53 73 179 230 272 522 708 709
3 17 53 200 214 227 248 710 711

17 35 61 190 283 331 505
5 158 200 251 278 281
15 16 17 182 201 712

5 22 30 262 425 473
5 8 15 36 89 264 276 349
17 111 713

5 22 158 186 200 714 715
5 16 93 200 376 516 523 682 716 717
5

3 5 57 227 698 718 719 720

5 78 158 186 200 220 334 341 401 569
5 23 25 26 31 36 42 178 518 721 722 723

5 200 655 724 725
5 51 200 356
5 16 36 65 72 147 200 206 230 286 305 659 710 726 727
5 186 187 200 214 246 278 281 304 316 361 441 530
5 22 29 77 190 200 325 728 729 730

5 158 186 545 590
5 15 16 22 200 624
5 31 87 190 200 222 227 230 231 283 628 647 731
15 17 732

5 62 139 230 525 733

17 57 239 577 734 735
5 16 31 144 264 452 736
5 158 186 543
5 31 61 179 481
17
30 182 200 265 324 584 737 738

5 52 379 489
5 22 31 285 450 739
5 283 335 740
5 22 30 136 200 227 269 283 331 493
5 65 87 110 200 233 304

5
17 200 243 247
5 65 253 286
5 23 27 36 741
5 158 200 243 415 537
5 15 30 84 101 200 227 262 283
16 17 89 103 151 254 315 375 433 702 742
5 15 16 200 318 743
5 179 744
12 17 385
5 200 227 305 407 729
5 22 31 200 283 425 426 428 430 651
8 17
5 89 200 246 425 706 745
5 62 158 186 200 222 455 746
17 89 90
5 111 123 283 508 536 649 660 747 748 749
5 13 74 200 233 259 262 463 504 750 751
14 17 74 89 420 752 753 754
5 48 92 200 255 396 427 618 652 694 755 756
17 74 200 225 246 258 315 487 618
5 549
17 37 42 136 575 666 757 758 759
5 16 22 41 147 200 243 324 325 405 674
158 186 760
5 22 32 158 186 246 256

4 5 15 22 89 200 230 647
5 15 101 200 225 360 669
5 52 248 761
17 36 152 200 230 243 247
5 16 158 186 200 762
5 200 763
5 190 689 690 764
5 243 247 763
16 17 57 248 288 365 608 696 754 765 766 767
5 31 182 200 225 265 277 283 313 430 472 578 657 768
5 22 98 144 158 200 243 537

5 36 230 243 247
5 15 16 200 227 236 283 318 591
5 16 30 57 103 112 159 200 246 262 426 428 447 557 769 770
5 200 230 726 749

5
5 13 341


5 158 186 200
5 22 50 186 200 459 556 709 730 771

5 99 186 200 592
17 22 67 74 89 615 772

17 18 31 595
5
5 57 61 68 110 132 200 331 435 463 702


5 15 31 81 117 165 200 674 773


5 19 28 31 48 74 383 450 451 452 551 774
5 427 719

17 227 233 283 480


3 17 200 230 410 545 775 776
17 248 264 519 752
5 13 30 158 186 200 262 263



5 87 200 230 295 777 778
5 200 243 247 779
5 634 690 780
17 31 48 206 229 432 770

5 22 158 190 200 236 316 339 399
5 22 50 200 222 400 466 781
5 200 262 286 334 459 556 782
5 28 50 53 182 200 252 253 265 349 369 430 523 631 662


5 200
17 200 783

5 200
17 200 462
5 53 71 99 233 243 306 405
17 382 593 784
5 539
5 200
5 200 778
5 190 200 230 246 274 358 698 785
16 17 190 221 426 428 430 447 493 516 786
5 77 110 200 242 533 545
16 17 26 31 103 200 233 272 331 352 580 667 787 788
5 71 200 230 726
5 31 200 326 423 434 672


17 20 405
200 443
5 22 106 112 200 227 304

5 22 53 200 246 436 741 789
17 22 158 186 200 223 395

16 17 190 639 681 704 714

12 135 217
5 190 200 283 335 548 603 751 790
17 42 685
15 17 25 31 58 78 87 182 402 791

17 704
5 45 51 200 227 283 369 398 534 615
5 108 160 190 200 292 792
5 200 230 297 407 410 445 570 793 794
5 158 186 200 348 730
5 158 186 200 358 459

17 578


5 22 115 200
3 5 16 57 111 277 322 326 369 481


5 16 421 795
6 200
5 76 200 243 247 254 796
17
4 5 110 190 200 283 335
17 22 325 600
5 200 243 405 425 442


5 701
17 89 146 243 247 253 327 456 571 793 797
17 181 485 492
14 19 132 749 798 799
5 22 37 98 147 158 160 200 222 243 289 537 633
5 37 200 243 246 247 259 262 369 800
5
17 157 200
5 16 53 134 200 570 801 802
5 36 48 213 227 230 256 283 316 447 473 621
5 64 84 327 636 736



5 22 98 108 147 178 200 243 247 644
5
5 15 192 384 803
5 200 323 597
5 15 101 139 200 285 524 804
17 49 158 181 200 389 554
3 5 31 85 200 233 316 336 472

5
5 61 89 200 805

17 23 25 31 48 72 81 83 218 521 664
5 23 112 155
42 200 725 806

5 15 57 248 368 370 481
5 16 200 717
5 15 158 186 200 259 262 454 455 568 604 746 807 808

17 139 200 331 436 730 809
5 103 363 430 532 723 748 810
5 16 22 23 87 200 233 243 247 549 811
5 22 99 158 186 200 213
5 186 200 304
4 5 31 36 200 230 286 304 414 513






5 200 540 812 813
5



5 35 297 814 815
5 61 110 190 200 283

5 30 173 381 403 423 471 771 816 817 818

17 57 179 222 481 499 684 708 809
5 36 83 241 258 297 396 452 548 591 755 819
5 200 243 247 805
5 61 156 170 200
14 17 31 61 100 240 423 581 627 799
54 70 519
5 344
588

2 5 8 467 562 820 821
5 15 22 50 76 200 226 274 363 822
17 291
5 31 186 200 294 358 422 598 611 731 823 824 825 826

5
5 27 31 81 379 827
5 8 15 16 19 106 213 336 445 531 621
6 17 573 676
5 87 158 243 537 822 828
5 73 78 90 225 391 445 585 829
5 22 147 158 186 190 200 569 715 745
5 22 200
5 134 200
5 22 158 190 200
5 99 200 243 265 430 502 559 632
5 14 36 139 503 830
5 22 88 344


15 17 713
5 13 36 83 93 667 682 705 831 832
5 22 158 190 200 222 260 833
5
5 36 200 230 246 270 416 486 548 823 834
5 200 222 503 592 787 835
5 804
5 200 275
5 16 551
5 31 53 87 200 227 231 235 283 633 645 785 836
5 200

17 200 369 704 711
5 112
5 630
5 32 182 200 222 233 265 410 471 507 616 829

22 36 200 246 277 283 335

5 99 200 262 327 431 505 652 653 837
5 106 135 216 308 838
5 243 247 314 334
5 51 200 429
17 200 243 247 839 840
5 200 229 243 288 405 470
5 302
5 22 36 50 62 158 186 200 222 230 246
17 22 23 31 36 58 78 93 103 202 386
5 110 209 325 331 681 691

217

5 756


5 16 71 85 342 348 453 481
17

5 30 50 65 200 222 230 262 331 369 504
5 25 31 214 295 453 596 777 825 841 842

5 285 324 806

5 15 87 111 200 206 233 389 431 504 549 730 771
5 22 200 267 316
17 464
16 17 487 557
5 23 25 31 68 297 377 467 558 682 843
5 22 115 844
5 22 89 200 226 258 567 589 616 826 829
5 23 25 27 78 200 216 230 265 688
17 230 721 845

14 17 67 132 709 752
5 30 158 200 230 267 278 281 394 599 695 832 846
5 16 22 158 186 200 222 286
5 22 200
5 53 158 200 847
16 17 158 186 200 369 507
16 17 200 212 463 693 815
5 8 22 115 200 267 274 300


17 61 85 690 697
5 20 31 317 331 353 405 700

5 429
17 31 288 383 411 457 578 767 776
5 158 186 200 305
17 200

5 15 16 129 196 200 230 324 339 656 737
5 200 227 283 378 412 568 604 807
5 151 200 568 604 639
5 57 222 226 306 326 404 481 578
5 22 200 262 300 527
5 200 283 331 493 846
17 200 243 405

5 156 200 228 597 710 727
455 626
17 22 30 186 200 222 262 280 516 595 818 839
5 158 186 729
5 22 190 200
5 22 209 474 806 837
5 22 36 200 230 331
5 200 230 286 325 848

17 22 61 200 289 506 596
5 93 200 371 378 574
5 16 22 50 186 200 201 243 268 372 425
17 22 200 285 286 638
5 29 598 637
147 164 190 200 233 273 274 616 649 816 820 849 850
17 175 283 331
17 317
5 200 227 283 398 475 541 851
5 158 182 186 200 224 246 550 834


17 50 211 268 494 495 496 497

5 23 48 155 200 233 529 560 827
5 784
5 243 327 603
5 200 251
6 15 17
17 22 57 153 227 331 526 695
5 158 186 200 212 852
5 22 30 262 325 328
5 158 186 200 604
17 58 213 264
344
8 17 31 707 793 794 810
5 13 49 99 158 181 186 200 325
5 8 28 57 74 463 761 766 821 853
5 89 200 430 762
3 5 16 23 87 200 227 230 244 261 407 529 613 698
5 6 158 186 200 790
5 68 198 227 283 327 628


17 35 854
5 89 186 200 206 279 304 425

3 17 101 227 256 752 802
17 146 175 190 200 225 261 842 855
5 31 160 243 285 781
5 805
5 22 49 134 181 200 557 849
5 158 200 243 244 537
5 36 106 111 200 325 344 411 681 730 856
17 26 49 53 85 358 389 542 772
5 16 36 200 230 243 401 405 420 724
5 16 276 300


5 32 200

5 756


5 22 29 200 857 858
5 200 276 474 481 719

5 16 22 50 71 85 346 533 847
17 22 68 90 331 747

2 5 16 110 146 200 311 477 579 812

5 85 153 200 276
5 93 190 200
5
5 264 481
5 16 22 89 98 200 222 226 243 268 334 441 537

5 22 51 200 318 432 472 681

5 16 50 103 158 179 186 200 369 708 859
4 5 30 236 283 335 427 860


16 17 36 42 81 219 387 420
5 99
5 158 170 200 213
5 85 144 200 331 861
5 22 65 200 449 862

15 17 35 282 327 430
5 114 200
17 20 200 405 614
5 109 243 331

5 25 270
5 15 31 89 200 301 303 431 438 615 645
5 26 36 42 118 326
5 99 135 200 262 286 569 782
5 182 186 200 222 265 429 441
5 200 227 283 838
17 78 89 120 190 200 233 399 426 428 524 759
3 17 164 200 230 410 783 863
5 99 712
17 31 179 461

17 42 135
17 110 190 200 569 586 750
5 668 836
17 22 35 201 236 243 501 574 640 711 864

5 48 99 200 230 324 390 440 508 670 702
5 113 200 262 288 300 468 493 777
5 190 200 221 222 225 280 335 358 444 550 669 704 792 839
5 30 158 186 200
5 57 411 473 481 861
17

17 200 648
17 243 381 762 845
5 16 105 200 338 597 598
17
14 15 31 53 89 132 200 202 222 224 227 283 325 331 363 436 703 709 817 846
5 12 139 264 674
4 5 173 200 214 293 324 361 597 598


16 17 74 200 243 504 537
5 137 190 200 230 392 504
22 51 61 862 865

5
17 29 200 265 598 866
5 110 579 629
15 17 200 300 331 492 710 727


5 200 243 247 796

17 42 89 298 620
5 35 36 89 248 830 864
5 85 198 233 256 262 283 410 866 867
5 22 139 200 227 304 499 733
5 158 186 200 236 445 743
17 200 360
3 5 198 200 227 230 647
17 359
17 158 200 243 369 537 868 869
17 35 83 869
3 14 15 17 57 132 138 288 375 630 642 752
5 16 51 200 222 850 870
5 50 112 158 200 225

17 690 752
5 181 200 227 407 445
5 871
200 217
5 563 790
5 13 61 87 200 230 243 247 272 566 662 674
17 22 200 872
200
5 257 330 473
17 190 732
5 50 71 103 158 186 200 350 358 415 842
5 178 200 243 247
5 15 200 243 288 632 822 828
5 16 25 81 200 218 338 514 843

5 200
5 48 178 227 784 873 874
763
5 57 179 699 875

5 31 36 331
3 17 22 36 227 230 258 660 678
5 32
5 158 200 598 848

5 28 53 200 286 432 482 491 625 671 793 797
5 135 164 654

17 386
5 200 265 430 548 805 868 876
5 15 50 285 369
5 71 73 170 178 200 227 389
9 22 158 186 200 265 559 602 814
5 15 31 99 182 190 214 225 246 277 306 313 461 473 556 595
5 9 22 31 61 106 115 139 300 326 547 548 877 878 879
5 45 200 227 253 283 624 730
5 6 16 99 126 290 366 757 765
5 158 186
5 22 200 233 267 463
31 78 200 233 265 463 504 517 523 813



5 16 25 27 36 53 71 200 311 557 801
5 178 200 243 245 247 622 642 850 870 878
5 178


5 190 286 448 473 635 703
5 283 321 398 600 725 728 867
5 137 158 186 200 590 879

5 35 68 110 136 880
48 544
5 22 89 200 227 283 331 516 541 678 683 709
17 25 27 36 200 271 385
5 200 227 274
17 89 190 200 262 331 641
5 134
5 22 200 206 212 230 241 445 615
5 22 23 78 200 232 248 326 425 617
5 16 35 89
17 85 200 253 429
5 16 30 200 236 237 243 247 795
17 190 200 225 230 337 358 698
5 200 206 243 247 475 637
17 31 473 859 877
17
5 22 114 200
5 158 200

5 71 147 200 229 369 417
5 158 186 344
16 17 30 49 200 267 269 289 325 590 655 798 868 879 881
3 17 57 58 331 421 572

5 190 200 227 262 283 557 571

5 222 450 739
5 52 74 225 290 674 862
5 99 123 227 256 265 537 548 596 740 793 794

17
5 37 200 243 247 334 858
17 200 202 398
5 22 200
17 200 300 338 430 497 881
5 16 22 37 53 89 136 158 186 190 200 225 448 674 856
5 200 233 283 410 463 504
314




12 17 107 170 264 844
5 15 16 101 158 186 200 206 324 445 882
5 49 105 158 181 186 200 233 392 447
14 17 67 593 864
17 225 282 643 690
5 158 186 200 661
17 200 206 227 283 716 717 823
17 200
99 200 206 229 546
409
5 54 107 135 465 504 690 854
17 883
16 17 22 78 182 190 200 225 233 430 523
17 25 31 87 157 295 841
5 16 89 103 106 136 262 662 765 767 773 851 874
5 91 182 200 206 222 229 423 472 709

4

5 30 71 85 256 262 280 283 509 516 535 572 681
5 15 30 36 86 158 186 200 206 230 262 406 478 615

12 17 61
5 30 188 190 222 258 262 356 852
5 533

5 158 160 164 200 243 537
15 17 101 110 202
5 8 32 200 222
5 16 22 51 200 236 238 679
15 16 17 25 26 30 41 89 93 206 355 777
5 16 22 89 147 264 356 689
5 22 68 158 160 200 230 243 332 537
5 45 78 139 141 192 200 227 233 283 361 788 789
5 12 15 16 101 135 246 706 774 809
5 118 158 200 243 537


5 85 200

5 13 15 49 144 181 200 227 283 649 743
393
17 331 488 875 884
5 22 89 134 285 559 623
5 158 186 775

5 22 158 186 200 262 348 484
5 22 158 200 398 569 587 817 872
17 85 686
5 51 239 299 378
5 22 64 200
17 200 383 601 791
5 50 158 186 256 369 885
259 280 283 389 867
5 31 57 179 734 735 744
5 125 227 230 650 673 674 692 709 803
17 54 248 864 880 884
17 89 269 751 811
5 16 31 100 190 246 286 349 620 799 886
17 57 68 473 481 563
5 15 23 30 42 87 107 327 424 474 709 808
17 53 200 206 246 306 339 667 824 885

5 12 16 139 288 475
17 89 123
5 15 158 186 190 200 259 262 606
5 57 200 243 687
5 22 156 158 186
5 73 200 230 331 357 410 579 683 830
5 71 178 243 405 722
5 23 25 87 218 529 564 565
17 663
5 15 41 170 200 206 389 800 865
5 200 658

5 78 158 186 200 233 244 415
17 31 50 200 287 369
5 16 57 85 89 136 200 206 230 445 665 698 768 835 856
5 114
5 200 227 274 309 469 605 743
17 206 326 672 711 742 776

5 239 383 646
5 15 22 87 132 200 426 428 504 588 594 693
5 99 136 158 186 200 229
5 200
5 117 413 731 857 873
5 178 212 214 243 327 398 506
17 103 243 248 327 597
17 200 243 273 405 887
5 15 136 190 200 227 283 427 563 833
5 16 115 200 212 304 334


13 17 110 266 306 691 719 818 854
5 85 118 158 186 200 324
5 48 89 134 227 327

12 15 16 17 111
5 31 68 200 227 354 423 472 887
5 64 718 719 720
5 22 158 186 200 367

17 25 165 777 883
5 699 830

5 22 61 200 227 283

17 211
5 112 190 200 227 246 262 283 286 300 764



5 16 200 331 490 500 655 862

3 17 22 200 227 272 317 398 511 888

5 22 190 200 437 448 450 739
5 279 683 805 855
17 200 261 331 703 786

5 16 99 578 774 882
5 15 57 200 243 288 430
5 22 160 170 200
200 217 231 373 426 428 462 609
17 170 200 331 492
17 22 126 159 200 246 374 657 662 798 806
5 200 230 671 889

17 106 158 186 200 544 779 840
17 22 200
17 158 186 200 338 503 860

5 103 245 327 397 430
5 76 153 154
5 105 200 283 335 822
17 22 200
5 16 99 200 227 304 471 576

5 16 22 51 158 186 200 262 743
17 200 758

5 200 243 405 410 871
16 17 25 27 36 123 155 200 271 436 738 760
5 216 230 381 430 470 532 698
17 22 200


5 200 222 265 276 430 649 709 769 853
5 158 186
17 36 200 230 262 430 523 642
156 158 200 217
5 15 158 186 200 279 288
5 22 31 85 552 690

4 5
17 57 87 135 239 578 692 766 819 876 888
5 256 515
5 22 23 78 158 200 243 272 319 405 518 529 537
5 16 181 248 264 863 889
5 54 64 519 780
5
5
5 15 89
5
5 299 890
5 73 267
5 23 36 64 83 891 892 893
5 36 351
5 106 239 602 873 894 895 896
5 459
5 897
5
5
5
5 31 239 894
5 898
5
5 53 604 864 899
5 378 895
5 784 873
5
5 31 239 452 873 900
5
890
5 784 862 873 894 901 902 903
5 245 904 905
5 57 327 461
5
5 103 894 906 907
5 211 871 908
5 31 873 909 910
5 911
5 103 894 903 912
5
5 913 914 915 916
17 31 211 227 580
5 917
5 299 890
5 62 918 919 920
5 57 68 239 299 765 921
5 239 299 894 914 915 922
5 31 299 914 923
5 462 894
5 924 925
5 549 903
5
5 287 410 423 549
5 873 926 927
5
5
5 928
5 929
5 31 35 53
5 873 930 931
5 14 789
5 932 933 934
5 35 299 903 935
5
5
5 299 378 936
5 14 35 36 48 57 139 378 830 894 896 903 932 937 938 939 940
5 23 25 26 31 72 81 83 87 132 155 159 230 327 682 941 942
5 894 903
5 913 916 943 944
5 894
5

5 134
5
5 243
5 103 239 299 386 927
5 68 211 239 299 927 945
5 299
17
5 211 861 935
5 285
5 23 81
5 239 299 894 922
5 57 933 934 946
5 134
17
5 227
17 947
5 89 211 593 602 784 904 914 915
217 239 299
5 31 227 713 943 948
5 947
5 25 144
5 459
5 35 299 903
5
5 160 239 452 864 894 919
5 871
5
5 297 459
5 31 299 907
5 698
894
5 873 894 949
5 227 784 873 895 950 951
5 35 57 239 299
5 31 139 784 894 952 953
5 195 624 951
5 103 239 299
5 674
5 57 239 299 954
299 894 903
17
17 862
5 928
17 43
5 299
5 946
5
5 15 139 195 598
5 31 36 940 955 956
5 580
5 638 788 890 915
5
5 955
5 239 299 364 910 930
5 16 103 299 861 957
5 894
5 35 136 931 958
5
23 26 93 892 959
5 10 15 364 896 923 950 958 959 960 961
5 23 74 93 299 355 894 903 924 925 962 963
5
5 239 873
5 35 90 119 132 186 964
5
217 894 898
5 103 239 299 906
5 756
5 465
5 68 299 903 962
217
5 90 285 299 364 386 939
5
5 57 200 894 903 965
5 119 299
5 10 57 629 960
5 89
5
5 351 459
5
5 378

5
5 15 918
5
5 16 89
5 409
5 103 239 299 830
5 57 239 299
5 465 894 919 920
5 134 966
5 99
5 23 48
5 103 239 299
5 68 134 159 239 299 327 959 967 968 969

5 31 137 227 248 941 946 970
5
5 936

5
5 227 784 873 914 944 971

17 31 81 893 909 923 970
5 861 894 971 972
17
5 103 239 299 894 945 973
5 36 137 139 914 974

5 975
5 57 243 380 430 976
217 895
5 977
5 31 871 965
5 917
5 952
5
5 976 978
5 25 31 51 894 903 965 968
5
5 31 48 299 696 784 927 979 980
5 135 198
5 10 57 74 103 598 981 982

5 45
5 32 200 981
4 5 66 299 593 638 707 983
5 53 57 81 299 696 698 969 984 985
5
5 16 32 901 986
178 894
5 890
5
5 106
17

5 891
5 186 243 604
5 35 112
5 926 987
17
5 54 327 593 636 929 937 986
5 430
5 895 917

5 35 212 386 749
5 900 933 934
5 83 445
5 103 239 299 927
5 139 462 957 988 989
17
5 23 57 331 894
5 10 13 905
5 784 873 977 990
4 5
5 64
5 178
217
5
5 16 48
5 435 707 873
5 991
5 36 103 110 299 435 912
5 10 103 248
5 461
217
5 35
5 67 297
5 31 198 894 920
5 23 57 355 924 925 963 992
5
5 31 239 299
5 54 66 135 784 873 874 903 993
5 14 57 132 139 335 957 988 989
5
5 48 72 81 942 994
5 36 67 110 331 351 386 410 991
139 217 989
5 227 378 953
5 103 287 299 890 903
5 593 873 890 912 983
5 103 239 299 936
5 23 81 89 995
4 5 299 339
5 954
5 211
5 765 949
5 243
5
17 57 239 299 894
5 15
5
5 908
5
5
17 386
5 139 158 239 299 364 378
5
5 57 958
5 894
217
5
5 25 36 81 83 96 136 197
5
5 239 729 996
5
17 22 23 25 31 48 72 93 197 207 297 992 993 997
5
5
5
5 57 894 903 920 962
112
5
17 430
5 31 89 239 696 894 903 914
5 25 31 81 903 909 998

5 729
5 239 984
5 465
17
25 217 999
5 227 351 956
5 135 692 953
4 5
5
17
5 35 903 947 967 980 985 1000 1001
5 299 830
5
17
5
5 103 139 335 378 949 978 990 1002
5
17 48 83 999
5 134
17

5 1003

5 299 902
5 299 784 894 903 953
5 31 285 299 890
5 23 25 81 994
5 51
5 192
17
5
5 103 239 299 1004
5 580 862 873 894
5 899
5 31 239
5 873
5

5 873 986

5
5 16 22 158 186 200 338
5
5 445
5 890
10 17 873
5 200
1005
5
5 239 894
5 89 144 339
5 51
5 35 89 299 830
5 103 239 299
5
5 297
5 57 103 239 299 973
5 103 299 894 949
5 51
217
5
5 1004
5 31 81 624 997 1006
5 139

5
5 23 31 48 135 894
17 64
5
5
5 87 227
5 178
5

5
5 227 946 987
5 784 873 964 966 972
5 57 211 239 327 597 636 713 873 894 982 983
17

5
5
5
5
5 103 239 299 911 912 914 974 1001
217 227 914 979 1002
5 192
5 35 178 299 903
5 230 645 894

5 35 106 239 465 873 1000
5 99 961
17
5 160 243 327
5 67 423
5 378 1007
5 15 48 245 629 894 903
5 23 31 1008
5 51
5 23 31 78 211
5
5 1009
5 624
5
5
5 327
5 35 947
5 16 445
5 1007
5 23 31 48 74 160 335 749
5 35 299
5 624 894
5
5
17 43 874
5 48 83 93 207 903 937 998 1003
5 31 239 299 624
5 645
5 87 97 922 955 996 1010
5 1011
5 57 239 299
5 25 155
5
5
5 31 159 364 692 756
5 31 83 99 938
17 31 87 93 894 903 948
5 239
17 1012
5
5 48 178 227 1006 1010
5 103 159 949 983
5 31 682 906 995
5 239 674 873
5 1000 1009
17
5 57 409 946
5 14 106 624
5 897
5 68 239
5 72 78 106
5 1008
5 51
5
5 784 930
5 57 110 159 243 430 921

5 103 239 243 299 327 597 930
5 89 894
239 299 364 430 890 914
5 31 48 74 83 97 155 338 894 903 917 1011
5 57 68 430 983
5 57 87 299 355
5 87 894 903 975
5
5
5 103 112 139 239 299 696 914
5 976
5 26 31 299 953 1005
5 894
5 211 299 364 386
5 25 48 83 89 96 136
5 68 134
62
5 430 983
5 31 132 212 285 986
5
5




































1013




























1014




























































































1015
































1016
































































1013








































































































































































1015

5













































































1014

















































1017




























































































5







































































1017


















1018





































































































1019

316


















1020











1021




1022







1013






















1016














































1014





























1015







1013



























1015






















1023























































































1023

























































































































































































































1024
1018




















































































































316


































































1021





















1015






































































1020






















































1014





































































































































1014




























































1025
























































































1024















1026










































1014






















































1014






















































































1013









1013




















1025


































































































































1019


1015













1015























1014























1022


































1026



























































5 1027
17
5
5 9 604
17
847 1028 1029
5 429 880 1030
5 106 144 438
5 13 73 261 318 842 1031 1032 1033 1034

17 23 36 227
23 76 81 136 212 233 428 1035
17 139 1036
17 1037
5 378
5 591 722
5 701
5
5 57 227 386 894
5 467

14 15 17 71 206 212 286 862 1038 1039 1040 1041 1042
5 74 325 815 1043
5 139 200 233 331 943 1044 1045
5 158 206
5 105 306 986 1046
5
5 83 93 97 158 209 579
5 36 62

5 144 243 327
5 1047
5 64 200

5 36 564 588 1048 1049

17 132 230 331 463 964 1050 1051 1052
5 112
5 36 65 74 578 1053
5 1054
217 894
5 316 789 930
5 35 541 1055
5 14 90 132 327 339 368 504 508 549 572 993 1056 1057 1058 1059 1060 1061
5 139 1045 1062

5 51 158 515
5 1063
5 134 1064
5 1065
5 48 440 1066 1067
5 134 304 1068 1069
5 158 528
5 1070 1071
17 641 1072 1073
5 156 813 1000 1059 1074
5
5 159 862 1075 1076
32
17 136 186 472 536 572 993 1077
5 62 64 103
17 1078

5 32 1079
5 327 1080 1081 1082
17 135 515 1083
5 68 239 927 1084 1085
17 162
5 35 91
3 17 23 87 110 1086
5 118
25 31 48 87 315 518 874 1087 1088 1089 1090 1091 1092 1093
5 23 48 93 541 701 1006 1094 1095 1096 1097
23 1098
5 348
5

5 1071 1099 1100
5 32 48 57 334 894 1101 1102 1103 1104 1105
5 23 76 197 297 1106 1107 1108 1109 1110 1111
5 83 155 1112
5 991
5 227 297 409 549
4
5 15 378 830 1113 1114 1115 1116 1117

5 452 1116 1118 1119 1120
17 1121 1122
5 36 83 294 1095 1123
5 1124
217 1125
5 31 58 1126
17 751
17
5 211 409 986 1127

17 894
5 48 110 616
5 120 503 1128
217
5 64 1129 1130
5 701 930 1127 1131
5
5 31 57 89 113 129 159 327 331 572 906 955 1055 1132 1133 1134 1135 1136
64
5 22 1137 1138
5 873 912
68 947 1139 1140 1141 1142 1143 1144 1145 1146 1147
5 114
10 14 17 25 31 48 78 81 83 90 132 230 355 723 941 1029 1125 1148 1149 1150 1151 1152 1153 1154 1155 1156 1157 1158 1159 1160 1161 1162
5 164 458 692 740 1040 1163 1164
17 35 139 411 503 548 904 1165 1166 1167
5 198
17 23 25 27 31 78 87 135 281 354 355 558 1158 1168 1169 1170 1171 1172 1173
5
217
5
5 192
5 16 48 71 83 372 629 1174 1175 1176 1177 1178
5
5 15 32 182 429 1033
5 134 930
5 1179
5
5 23 51 300 1143 1150
5 1180
5
17 1119
5 74 327 1181
5
217
17 20 57 87 331 405 432 1182 1183 1184
5 112 1067
5
5
5 119 178 248 1185
5 276 1186
5 115 119 894 1134 1187 1188
5 99
5 874

5 68 103 629
5
5 99 1000 1189
5 139 378 430 497 944 1190 1191
5
5
5
5 137
5

14 17 30 428 819 1192 1193
17 1178
10 17 22 57 1051 1102 1194
5 160
5
17 31 243 327
5 381 1165 1195
5 31 87 160 777 1196
17 48 139 1197 1198 1199
17
5 51
217
8 17 57 1200 1201
17 883
5
5 36 139 1161 1202
17 1203 1204
5
5 32
17 1205
5 299 935
5 209 248 495 560 638 986 1206 1207
5 593 597 986 1188
5 227 948
5 64
1 5 62 411
5 22 484 503 1208
5 15 31 48 67 139 141 294 408 484 533 1159 1209 1210 1211
5 1212 1213
5 316
5 101 533
5 25 96 777 1214 1215 1216 1217
5 26 27 64 184 186 542 629 1158
5 1218
5 1219
5 654 1220
5
17 1101
5 243 327
5 139 989 1220 1221
5 1222
5 84 135 151 1223
217
5
5
5 99 1224 1225
5 99 158 186
5 31 958 1226 1227
5 331 723
5 15 23 31 35 48 73 110 461 1173 1228
5 1229
5 930
5 445
5 192
5 10 65 103 225 226 930 1230
5 83 132 658 943 947 1231 1232 1233 1234 1235
5 423 472 1236
5
5 54 57 129 132 645 1126 1237 1238 1239
5
17
5 15 30 35 930 1240

5 158 641 981
15 35 89 591 862
17

5 13 146 164 306 335 1172 1241 1242
5
5 10 178
5 1243
5 905 1244
5
5 1045
5
5 178
5
5
5 67 922 1245 1246 1247
5 16 136 297 335 629 1248 1249
211 830
5 32 243 894
17
5
5

5 1250

5 23 134 861 1251 1252 1253
5 64 1254
5 1255
5
5 1256
5 16 109 481 567 818
3 5 23 31 87 178 692 894 906 1053 1075 1081 1257 1258 1259
5 8 89 103 327 381 430 459 1068 1260
23 25 26 31 34 48 64 72 74 78 80 81 83 87 93 197 331 340 680 928 933 940 1048 1098 1109 1123 1156 1173 1261 1262 1263 1264 1265 1266 1267 1268 1269 1270 1271 1272 1273 1274
5 947 1256 1275 1276
5 928
5 99
5
17 31 636 1199 1277 1278

17 22 103 243 248 1277
5
5 10 16 31 50 285 862 1279
5 1280
5 190
5 1281

5 316 430 983
217 784 894 1032 1117
5 118
5 31 192 906 986 1087 1127 1136 1142 1227 1282 1283
5 304 894 953
5 209
5 57 78 281 327 472 922 983 1284
5 118
5 452 533 636 935
5
17 103 1285 1286 1287
5 32

5 830 1168
17 1288
5 983 1137
17 72 81 1006 1112 1170
5 862
5 31 83 1098 1100 1214 1289 1290
5 110 331 1068 1291
5 48 57 64 593 709 933 934 1292 1293 1294 1295
5 64
5 22 1285 1296

5 89 1297
5
5 103 158 239 1188
5 31 297 423 1249
5
17 888
5 31 57 78 109 159 327 894 906 1298 1299
5 701 930
5
5
5
5 1300
5 1133 1301
5 32

5 30 35 186 331 1302
31 299
5 57 331 723 1118 1303 1304
217 1207
5 591
31 186 472
5 53 111 276 389 472
5 36 227 386
217
5 27 35 57 80 81 97 325 789 843 1091
5 23 26 48 67 87 93 119 132 992 1181 1305 1306
217 930 1127 1135 1173 1307
17
5 639 1308
5 158 495 624 784 1309
5 54 186 243 901 1006 1291 1310 1311 1312
5
5 430 1277
5 31 331 946 1213 1313
5 57 99 386 419 831 1304 1314 1315
15 17 327 536 572 697 993 1217 1302
1316
5 674
5 624 831 1317

5
5
5 144 1318
17 54 81 233 842 1050
32
5 158 982 1309

5 1319
5 445
5
5
5 276
5 1320
5 1321
5 14 31 65 189 226 309 471 862 949 1074
5 227 616 830
5 624
5 72 80 958 1310 1322 1323 1324
5 1325
17 1326
5 110 905 1327 1328
5 707
5 929
5
5 57 89 930 958 1329
5

5 729
17
5 1330 1331
5
5

5 327 334 1332
5 596 1062 1333

5 928 1310
5
5
5 991
5
4 5
17 1334

5
17
25 31 83 218 941 959 1109 1262 1335 1336
5 1337
5 1338
5 28 57 239 430 894 1188
17 36 68 1231 1339 1340
5
17 1341
5 8 1342
5
5 10 54 297 410
5 31 87 99 158 254 287 793 1223 1327 1343 1344
5
5 178 327 1345
5 23 26 31 34 36 48 78 80 81 82 83 87 90 92 93 96 97 161 207 211 234 261 297 301 354 419 461 521 560 579 793 894 896 915 930 947 969 992 998 1006 1055 1086 1089 1090 1091 1102 1111 1144 1155 1157 1168 1171 1173 1180 1181 1189 1207 1227 1257 1258 1259 1261 1268 1286 1287 1299 1309 1344 1346 1347 1348 1349 1350 1351 1352 1353 1354 1355 1356 1357 1358 1359 1360 1361 1362 1363 1364 1365 1366 1367 1368 1369 1370 1371 1372 1373 1374 1375 1376 1377 1378 1379 1380 1381 1382
5
5 1383
13 22 189 309 930 1384
5 1385
23 57 87 315 723 1001
5 134
5 22 103 113 592 597
5 10 57 895 922 941 1162 1280 1386
5 186 243 1387
17 31 48 211 864 898 1082 1388
17
17
139
5 827
5 430 1188
5 158 186
17 211 983 1389
5
5
5 76
5 986 1390 1391
5 58 593 958 986 1127 1188 1195
5 1392
5 14 57 159 327 959 1393
31 533 692 874 981 1151 1394
5 1395
5 67 423 674 1396
5
5 35
5 15 16 136 262 269 297 306 335 549 1397 1398 1399

5 35 890 930
5 204 895 1066 1202 1400
5
5 1280
5 445

5
17 57 385 449 709 862 1089 1401
5 80 83 220 528 1402
5
5 276
5 16 89 386 592
5 111 374 933 934 1403
5 23 26 35 48 179 723 1404
5 57 239 299 890
17
5
5 158 928
5 871
5 991 1077
5 48 558 1109 1187 1405 1406
17 327 1080 1173 1374 1407
5 297 1238 1358 1408 1409 1410
217
5 158 186
5
5 58 74 103 106 285 894 1027
17
5 740 1163
5 159 1008 1185 1277
5 1411

5
5 31 314 864 894

5 297 815 1412
5
5 209
5 14 15 54 211 533 919 986 1012 1127 1413
5 23 78 81 297 1005 1061 1414
5 31 1249 1254 1415 1416
5 32


5 23 26 31 48 368 986 1034 1058 1193 1227 1417 1418
5 645
5
5 12 103 192 690
17 1039
5 27 87 1041 1095 1123

5 936 1387
5 136 254 331 363 649
5 64
17 42 383
5 216
5 1419
5 23 48 234 1420 1421
5 22 690

5
5 16 186 209 288 597 861 1286 1422 1423
5 22 690 721

5 164 201 862 959 1031 1032 1378 1424 1425
5 118
5 89 136 158 186 210 269 567 1397
5 151 214 327
5 35 139 438 1167 1426
17 1127
5
5

5 103 381 958 1227 1365
5 64 1071 1255
5 243 467
17 31 81 83 992 1110 1427 1428

5 233
23 26 31 48 81 83 87 165 207 217 340 383 580 680 906 948 992 1035 1109 1356 1375 1386 1427 1429 1430 1431 1432 1433 1434
5 16 459
17
5 144
17 66 943 947 1085 1167 1233
5 12 348
5 31 32 53 110 129 301 363 461 635 1153 1435 1436 1437
5 57 158 198 815 981
5 134 297 1186 1399 1438
5 31 57 87 430 435 731 894 1032 1117 1188 1439 1440
115
5
217
5
5 156
5 1070
5 68 598 919 981 1441 1442
5 25 27 137
31 67 125 212 287 423
17 1443

5 31 227 378 386 946 993 1118 1444
5 158 186 338 1445
5
5
5 51 158 186
5 35 299 463 873 1001

5 991
5 409 874
5 67 230
5 1446
5 139 513 1113 1447 1448
674
5 200
5 635
5 1449
217 1219
5 363 409 1355
17
5 139
5 68 327 723 1176
5 32
5 1450
5
5 430 1451
5 51 182 649 1452 1453 1454
5 35
17 139 1045 1455
5 36 818 1008
5
5 1456 1457
5 10 57 333 923 1319 1450 1458 1459
5 243 381
5 1063
5 53 57 1460
5 1461
5 629
5 1127 1462
5
5 1463
14 17 67 68 132 327 363 365 430 1464
16 17 471 1397
5 35
5 15 16 54 57 85 288 408 452 1239 1369 1389 1465 1466 1467

217 1468
5
5 947 1469
17 89 111 125 280 374
5
5 156 1381 1452
217 904 1423
17
5 14 16 132 261 328 378


5 25 81 161 1470
5 1471
5 14 132 227 1210 1304 1314
5 25 103 287 597 905
5 74 103 436 558 777 1209 1472 1473
5 76 158 327
5 212 313
5 89 313 598 658 1401 1474 1475 1476
5 115
17
5 191
5 1099
5 467
5 15 16 35 76 125 182 1040 1452
5
5 62 788
5
5 1046 1477
5 112
5 186 283 1126
5 239 441 986 1307
5 243 327
5 57 135 206 226 228 459 536 986 1416 1454
5 68 316 430 1122 1355
5 1331
5 1301
5
5 31 283 561 580 983 1059 1478
5
5 15 933 934 1403


5 862
5 1479
5 26 1480
5 1426
5 430 983
5
5 1481
17
5 1295
5 164 1244

17 139
5 1482
5 26 31 135 673 692 1083
5 57 83 155 362 1225
5 137
5 1483

5 1484
5
5 1122 1485

5 186 243 276
5
31 103 111 212 297 327 815 1249
5 1236
5 1462

5
5 200 1486
17 327 472
5 248
5 134 429 930 1487
5
5 1071 1331
5 67 315 1302
5 1179
5
5 1488
5 871 1489
5
14 17 22 66 67 135 1192 1302
5 27 83 87 210
5 32
5 186
5
5 158 186 1419
5 1070 1406
5
5 15 57 89 331 670 861 1075
5 518 589 915 1257 1490
5 158 186 1491
5 158 186 552
10 17 364 1093
5 32
17 89 269 1242 1492
17 25 81 558 952 1258 1493 1494
3 5 65 228 589
5 591
5 1405 1406 1495
5 120 898
17 1496
5 445
4 5
5 973

5
5
5 1449
5
68 159 217 894 949 1188 1269 1442 1446
5 1497
5 15 22 58 1475
5 32
17 1128
5 1195
5 550
5 35
5 1320
5
5 316 986 1127 1285
5
5 1411
5
5 23 25 186 515 1149 1498
5 31 158 327 430 598 1483
5
5 22 1011

5 129 331 378 386 1114 1198 1499 1500
17 1203 1204
5 35 198 1501
5 591 1344
5 103 195 299 674 1502
5 158 186 200 279

17 1326 1503
5 929
5 13 16 196 1073 1504
5 423
5 62
4 5 22 111 136 206 339 751
5 1505

17 883

5 1203
5 64 800 1130 1406
5 81 155 408 1506 1507
5 624
5 778
5 35 119 189 309 1073 1508

5
10 17 25 27 31 54 78 81 87 93 159 558 664 894 942 1142 1188 1258 1261 1298 1509
5 894
17 83 197 207 1168 1510 1511
5 894 1117
17
5 1065
5
17 227 331 333
5
5
5 495 986 1512
17 81 268 1112
5 97 1185 1513

1514
5 1049 1073 1103 1184
5 227 423 472 624 819
5 1383
5 409
5 25 68 218 1351 1480 1515
5 196 327 430 842 1281 1516
5 111 146 930 1397 1517
5 1477
5 1471
5 1518
5 10 15 740 879
5 513 1099
5
5
5 42 158 338 430 592 1117 1188 1238 1254 1257 1358 1430 1501 1519 1520 1521
5 1522

5 109
5 186 243 1331
5 89 269 729 894 949 1337
31 35 48 430 983 1137
5 103
5 57 90 192 636 739 1175 1403
5 23 31 87 99 1056 1523 1524
5 701 930
5 114
5 14 23 67 81 106 141 186 1456 1525 1526 1527
5 68 1059 1528

5 561 1296
5
5 788
5 1119 1529
5 178 1072
5 10 31 35 83 178 297 819 981 1151 1352 1530
5 64 68 89 958 1289 1361 1382
5 243 327
5 35
5 192 239 894 1044
5 22 729 1445 1531
5 134
5
17 930
5 31 89 159 206 894 936 949 1188 1532
5 297 335 1124 1415
5 48 1275 1412
5 26 29 77 542 588
5 134
5 64 1406
5 314
5
5 192
5 637
5 6 31 429 1040 1117 1296 1481 1533

7 17 31 48 54 57 83 211 598 731 825 1511 1534
5
17
5 1325
5 81 118 186 386 1521 1535
5

5 64 304
5 23 31 93 1156 1215 1351 1493
5 943
5 1293
5 1432
5 31 441 593 1212 1536
5 286 1121 1139 1171
5 15 23 25 31 72 81 93 97 463 629 1097 1429 1433
5 243 327 593 1406
5 103 159 186 472 1537
5 1538
5 404 564 815 1005 1494
5
5
5 239 873
5 31 528
5 42 156 1153
5
5 30 68 83 767 843 991 1237 1539
13 17 30 111 211 497 589 1455
17 1130
5 348
5 409
5 209 1318 1540
5 35 239 327 636 894 1406

5

17 31 195 355

5 186 243 1291 1541
5 64 1060 1260 1328
5 25 31 83 218 467 930 958
5
15 83 207 1160 1168 1207
14 17 31 83 90 132 135 579 1104 1105 1277 1542 1543
5 788 1544
5 22 874 1011 1255 1467
5 29 48 327 1443
5 68 560 1156 1207 1545
5
5 723 1126

23 217 1406
5 51 166
5
5 591

5 10 364 430 558 983 1010 1043 1278 1317 1336
5 1192 1293
5 68 629 861 930 1101
17 449 874 1011 1445 1546
5
5 239 495 894 1355 1547
16 17 54 89 246 862 986 1186 1306 1425 1548 1549
5 286
7 14 17 132
5 31 48 72 1351 1548 1550
5 134 139 197 297
3 5 68 227 874 915 943 947 989 1084 1345 1497 1551
5 87 158 1142 1188 1257
5 211 1009
918
17 641 1047
17 241 1183 1186 1504 1552
5 31 80 83 1206 1339 1418 1528
5 504 674
5 134
5 48 110 135 692 830
5
17 48 1339
5 624
17 57 295 874 940 1452 1468
5 15 48 100 481 629 799 1553
5 1119
42 54 383 636 1537
17 1310 1554 1555
5 103 239 338 383 445 961 1494 1556
5
5 331 386 1460
5 195 894
5 19 48 57 87 111 182 212 364 458 580 767 906 952 1030
5 112 195
17 935
5 297 1387 1395
5 158 186 596 1186
17 25 31 48 83 218 548 664 777 1214
5 458
17
5 936
1557
5
5 1130 1558 1559
5 64 1560
5
5 68 179 604
5
17
5 59 81 103 423 472 550 696 1561 1562
17 697
5 13 1279
5 211
5
5
5 68
5 211
5 64 1338
5
217
17 1516
5 15 67 115 536
5 381
5 83 1170 1305 1510 1563
5
17 64 184
17 22 1246 1545
5 430 654
5
5 9 327 472 639
5
5 51 66 68 1551

17 26 74 103 449 1158 1159
5
5 1564
1565
5 1473
5 15 164 1391
5 316 430 983
5 139 348 895 1028 1174
5 89 106 410 441 784 873 914 1108
5 134
5 283 363 784 873 1368 1566
5 132 327 490 894 964 1059
5 316 933 934 946
5 99 327 430 1410
5 158 186
5
5
5 15 25 87 105 1297
17 31 484 1546
5
5 22 132 327 593 847 964 1032 1567
5 861 1253 1423
5
5 597
5 26 31 729 1159 1413 1568

5 64 333
5 87 953 1045 1520 1569 1570
17 87 141 638 894 1010 1131 1132 1437 1571 1572
103 227
5

5
5
5 270 363 386
17 35
5 84
5

134
17 1365 1380
17 25 48 83 97 218 941 1200 1288 1290 1491
13 1573
5 243 327

5 51 103 211 239 364 894 919 1502
5 409 713

217 378 947 955 993 1055 1092 1139 1146 1392 1440 1444 1574 1575
15 65 217 254 597 986 1127

5 113 239 986 1136
5 26 1229 1576 1577
5 23 731 1006 1088 1311 1322 1353 1370
76 243
5
5 31 54 119 952 1578 1579 1580
5 459 1581
8 17
17 81 155 680 1582
5 1583
5
17 48 331 635 740 1156
5 8 15 16 30 136 269 589
5 87 326 1362 1417 1584 1585
1573
17 22 1036 1406 1545
5 10 103 119 243 327 427 624 1151 1304 1474
5 1482 1555
5 1424 1586 1587 1588 1589
1 304 598
5 197 1100
5 227 314
635 895 1010 1453
17 31 211 593 1282 1361 1543 1554
5 22 306 1279

5 316
5
5 57 64 1224 1228
5 386 404
5 8 198 452 593 598 983 1185
5
5 1255 1495
5
5
5 76
17 54 327 1156 1283 1590
5
5
5 327 515 636 1185 1276 1591 1592
5
5 57 299
5 158 186 1333
5 31 471 567 998 1343 1389 1593
5 57 139 1117 1190 1365 1594
5
17
5 1595
5 31 158 186 364 515 1155 1360 1386
5 239 894
5
5 276
5 18 784 894 1218
5 15 16 548 598 658 818 1166 1178 1596

17 35 64
5 15 20 25 26 27 31 81 83 87 212 295 297 664 825 880 1012 1097 1098 1112 1149 1251 1264 1346 1428 1506 1515 1567 1597
5 1041 1042 1598
5 64 304 598 1008
17 1131

17
5
5 1325
5 674
5 158 186
5 930
5
5 31 35 48 83 139 1599
17 1565 1600
5 25 62 165 295
5 894 1422

5

5 57 135 158 211 386 1462
5 827
5 64 1432 1545
5 16 212 246 552 1589

5 101 1303
5 409
5 287 1096 1113
5 25 26 31 48 97 723 813 1601 1602
5 248
5 943 1167
5 26 36 46 48 67 78 92 186 318 542 1006 1075 1603
5 414 1458 1604 1605
5 14 31 48 90 211 481 572 873 1131
5 35 160 1606
5
17 211 419 1037 1055
17 119 930
5
5
5 32
5 15 31 139 409 440 1335 1584 1596
5 46 108
16 217
5 158 1607
5 144
5 25 80 220 227 327 430 1564
5 23 87 784 894 1087 1127
5
5
5
5
5
17 1469
16 53 72 81 220 815 894 906 1031
217
5
57 93 217 435 723 895 1047 1070 1082 1196 1406
17
5 26 64 1221
5 597
5 1522
5
17 282 1308 1538 1606 1608
5 106 1215
5 1078
5
5 467
5 729
5 912
17 48 57 269 386 429 815 906 993 1133 1420 1541 1609 1610
5 1556
5 31 48 1188 1201 1529
276
5
5
5 552
5 195 243 327 986
5 158
5 211 327 593 983 986
5
5
5
17
5 54 784 1529 1611
5 31 211 1194 1527 1612 1613
5 1417
5
17 1154
5 81 165 664
5 8 103 243 327 593 654 982
5 35 36 72 81 216 373 558 1006 1110 1237 1258 1312
5
5 158 1418
5 445 864 1282
5 15 597 629 1186
5 31 99 153 310

5 1230
5 1499

5 216 428 1329
5 22 192
17
5 198

5 58 490 1544 1614
17 1615

5 62
5 76 139 364 635 896 943 1045 1113 1191 1591
5 216 331
17
17
5 25 115 381 1274 1371 1616 1617
5 31 48 72 111 196 197 558 731 842 992 1095 1434 1578 1601 1602 1603
17 340 423 696
5
5 15 16 24 89
5
5 1281
5
5 134
217
17 204 513 1315
1 5 15 23 26 31 48 57 72 81 83 87 90 93 199 220 275 280 294 680 1137 1173 1359 1374 1414 1507 1508 1511 1611 1618 1619 1620
5
156 217
17 410 580 1292 1531
5 13 22 31 32 54 236 297 1006 1311
17
5 158 936 1257
5 25 181 368 445 508 747 1271 1332 1621
5 67 335 378 481 1203 1342 1463
5 144
5 35
5
5 314 549
25 62 197 218 664 1622
1167
5
5
5
5
5
5 25 83 218 851 862
5 1367 1560
5
5 1623
5 930
5 74 578 1624

5 515 1005
5 7 14 23 48 57 67 132 156 239 1089 1476
4
17 181 280 567 1533
5 983 1064 1518
19 373 1393 1625
5
5 862 1272 1273
5 784 1626


17
5 338 895 1039 1374 1494

5 158 918 1257
209 217 518 843 1493
5
5 578 1358 1408
5 14 31 87 132 331 423 463 508 723 1249 1627
5 178
4 5 15 35 389
5
5 898
5 25 83 218 295 953 1520 1569 1570
5 35 490 696 1394
5 186 472

5
5 1628
5 10 14 42 132 239 363 364 1069
5
16 30 89 225 1163 1164 1438

13 14 15 17 20 58 132 136 159 214 364 405 1249 1316
17
17 1198 1500 1503 1540
5 969
5
5 23 31 48 1156 1169 1537
5 982 1365
1629
17
17 268 862 1630

20 25 31 48 51 87 1148 1149
5 1461
5
5 35 114
5
5 12 31 83 103 155 209 211 239 299 894 930 958 1585 1631
1 5 9 34 48 92
17 1632
5
5 25 31 276 1633
5 16 788
5 1595
5 216
5 1246 1432 1495 1545 1634
15 17 22 53 208 354 385 933 934
5 1281
5 35 158
17 31 723 1252 1574 1590
5
5 48 132 1472 1635
5 25 1214
5 164 206 1636
5 1330
5 7 36 89 129 461 784 1136 1239 1637
5 25 48 83 339 767 1211 1214 1371
23 48 57 93 1357 1638

5 91

5 1593
5 64 1070

5
5
1 5
17 25 31 72 423 1602
5 297 784 894 919 1384
5 297 981 1538
5
5 118
17 22
5 35 1213 1313 1471
1629
1486
5 64
17 310 1639 1640
5 297
5 1167 1300
5 51 327 338 430 1336
5 23 48 952 1465
17 883
5 211 894 919 1579
5 14 19 132 327 579 593 944 983 989 1061 1384 1448 1474 1543
5 10
5
5 57 1265 1400 1599 1628
217
5 35 113 430
5 211 364 707 1299 1309 1526 1623 1641
5 31 518 894 1489 1642
5 51 103 158 239 1257 1643
5 348
5
5
217 378 894 914
5
5 134 430 983 1508
5 1226
5
5
5 1250
5 1441

5 99 673 1409 1533 1552 1640
17 230 363 1545 1644
5 139 297 729 1005 1210 1436 1566
17 1645
5 14 23 24 32 36 48 81 132 295 788 1201 1208 1253 1350 1379
5 986 1282 1598
5 206 254 348 593 862 983 1038 1224 1373
5 1324
5 68 110 983 1240
5 31 1038
62
5 13 15 23 36 72 83 87 108 427 560 1083 1152 1160 1207 1270 1294 1372 1602 1646
5
5 991
5 42 103 383 597 658 1390 1631
5 674
5
5 348
629
17
17
5 51 958
5
5 378 1119 1462
5 57 67 297 362 1355
5
5 191
5
5 512 629
5
5 103 211 239 901 930 1512 1647
5 408
5 120 1185 1648
17 119 297 1263 1492
5 227 991 1356
5 67 297 1649
5 97 635
5 31 74 132 283 383 410 1416 1542 1650
5 64
17
5 533
5 490
5
17 248


5
5 1651
5 1255
14 17 57 67 132 135 331
5
5
5 64
5 285 327 533 636
5 8 23 25 31 48 57 68 78 83 87 227 247 362 365 373 541 946 1126 1431 1622 1652
17
5 137 297 1135 1136 1542 1580 1637 1653
5 645
5 784 873 914 1654
5 895
5 14 31 48 103 132 227 637 696 941 955 1249 1252 1588
5
5
5 1071 1099
5 84
5 1076
5
5 68 136 178 654 1655
5 206 818 929 1438
5 139 159 327 874 983 1059 1134
5 243 327 1215
5

5 26 57 135 1611 1638 1646
5 25 355 827 1520
5
5 23 25 31 78 80 82 83 218 220 295 328 1090 1111 1366 1377 1524 1535 1656
17 31 331 946
5
17
5 192
5 74 113 919

5 778 1138
5 31 97 381 495 948 1054 1465 1487
5 325 1402

17 1619
5 110 1099 1581
5 1624
17
5
5 68 348 423 696 1160 1207 1417 1613 1641
17 57 888
5
5 299 947 1139 1140 1145
5 674

5 57 906 1000 1385 1466
5 35 103 211 696 901 930 1142 1238 1309 1365
14 17 68 132 151 239 331 579 635 904 959 1422
5 36 78
5 31 35
5
5 164 166 486 723 1517
5 23 25 31 78 83 197 558 598 645 680 1006 1072 1095 1173 1214 1267 1347 1404 1470 1588 1616
17
17 641
5
17
5
5 10 1625
17
5
5 200 243 334 1187 1490
5 74 1124 1257
5
5
5 12 1221
1 12 17 22 208
5 800 1245
5 51 89 103 110 512
5 31 731 1257
5 227 1138 1291
5 83 93 427 777 1493

17
5 533 1127 1376 1576 1600
5 624
5 327 331 593 947 1235 1519
5 26 97 158 220
5 19 26 1234 1406 1645
5
5
5
5 423 1491 1657
5 59 62 1562
5
17 385 1119
5

5 243 327


1243
5 1593
51
5
5 1479
17 1036
5 251

5 35 598 768 1083
5
5 99
5
5 22 89 112 1107 1112
5 192
5 800
5 160 1505 1553
17 430 983
5 64 1226 1612
5 103 243 949 1257 1422 1627
1319
17 1288
5 241 269 458 722
5 326 1083
5 1658
4 5
17 1047 1644
5 1129
17 50 53 206 236 1659
5
17
5 51 158 1005
5 36 85 481
5 46 48 1010 1395

5 15 103 158 239 430 930 983 1188
5 862
5
5
5 459
5
5
17 1464
17
5 1483
17
5 1484
5 1000 1599
5 32 195 239 894
217
17
5 31 186 1463 1607

5 64 991


5
17 25 295 777 1523
5 186 247 297 410 636 793
5

137
5 638 645
17 362 1558
5 410 914 973 1079 1649
5 276
5
5 48 118
5 83 548 947 953 1094 1147 1231 1232 1233 1348 1356 1575 1642

5
5 14 77 132 139 335 363 639 819 864 1052 1435 1648
5 35 297 928
17 548
5 1172 1385
5 14 19 132 327 593 819
5
5 15 1182 1302 1614 1647 1660
5 616 635
5
5 873 890 1059 1661
17 30 31 287 414 1247 1438
17
5 15 195 339 378 503 513 944 1057 1120 1205 1514 1547 1594 1605 1662
5 14 57 135
17 1659
5 99 103 333 670 901 923 1197 1256 1287 1459

5 25 31 32 83 218 879 1266 1617
5 459
5 31 304 1171 1280
5 958
5 83 93 155
5
5 1398
217 898 1289
5 9 15 139 378
5 1099
5 930
17
5

5 57 153 331 432 1076 1636
5
5 26 36 64 72 78 220 1181 1561
5 1650
5
1610
5 28
1632
5 327 472
5 435 898 1222 1341 1615
16 17 246 282 1183


5 112 248 364 430 1277
445
25 48 93 558 1106 1626
5 316 338 484 680 777 1608 1620
17
5 35 1485

5
5 89 103 306 946 1358
5 103 158 239 459 654 1309
5 1662
5 57 103 159 227 1185 1451 1577 1661
5 22 23 25 26 31 276 300 721 843 941 948 1241 1323 1357 1427 1510 1550
5 51 898 1388
5 1119 1293
5 57 430 861 1655
5 947
5 23 26 31 1196 1396
5 57 159 423 481 815 1142 1334 1513 1538 1663
17 25 31 48 80 81 83 111 207 220 297 354 949 1150 1371 1509 1539 1582
5 211 1102 1131
5 22 200 331 410 542 723 1009
5 495 654 862 1237
217 1167 1478
5
5 1099 1130
17 959 1006
5
5 25 497 851 998 1609 1664
17 35 68 287 297 504 641 1604 1663
17 1557
217 251
5 1637
5
5 22 31 327 423 533 1521 1532 1639
5 31 211 1447
5 23 25 26 31 48 72 81 83 87 93 186 218 467 558 731 1088 1097 1107 1141 1149 1156 1196 1262 1349 1363 1427 1489 1498 1525 1563 1568 1618 1635 1656
5
5 624 1645
5 35 111 1177
5 64 1071 1246 1255
5 35
5
5 515 1592

5 30 31 91 165 486 1549 1586 1587 1633
17 1340 1548
5
17 23 26 31 48 64 81 83 155 248 1217 1400
5 871
5 26 209 638 986 1407 1571 1572 1660
5
5 57
5 1488
5 593 597 598 1284 1471
5
5 35 67 125 251 452 636 818 898 957 1467 1536
5 1457
5 25 1111 1602 1652
17 385 862 1156

17 35 162 386 831
118
16 35 217 1654
5 35 1559 1567 1643 1651
5
5 32 35 94 1665 1666
5 99 243 327 1160
14 17 36 243 385 423 579
5 1667
17 654 1668 1669
5
17
17 335 579 1670
5 16 30 37 186 214 445 597
5 35 62 430
5 12 134 1671
5 168 409
5 22 64 136 178 621 1672
5 156
5 99 158 981
5 68 225 1673 1674
5 16 35 106 276 472 1537 1675
5 15 129 327 330 593 858 1102 1676
17 1256
138
5 48 103 239 635 1677 1678
5 25 31 159 941 1142 1159 1251 1539 1679
5 36 48 62 83 295 894 1680 1681
17 947
5 276 381
17 1682
5 9 15 89 378 947
5 1673
14 17 31 36 132 227 596 696 1006 1029 1142 1683
5 198 327 593 1684 1685
5
5 186 601 793 794 819 1054
5 89 326 616 672
5 7 35 1686 1687
5 654 756 881 1635 1671 1688
5
17
5 89 103 211 1689
5 23 78 93 94 521 729 940 1690
17 162 1691
5 35 597
5 41 74 297 339
17
32
5 159 327
5 61 112
5 203 624 1361
5
8 17 103 327 1685 1692 1693
5 25 51 1694
5
5 243 327 1695
17 1696
17 64
5 1156
17
5 57 327 430 1447 1697
5
17
5 22 654 1076 1669 1698 1699
5 624
5 1432
283 430 732
17 1700
17
17 23 26 285 495 593 1701
5 48 76 110
217 1702
17 589 1156
5 364 894 959
5 32 35 57 327 430 654 864 898 1672 1703 1704
17
5 928 1698
5 32 36 211 495 1339 1665 1705 1706
5 54 99 211 1185
5
5 31 285 339 601
5 32 327 518 682 940 1679 1707
5 15 90 1397
9 17 1708
5 83 155 344
5
5 31 32 283 430
5 103 326 672 1709
5 25 106 381 674 1694 1698 1710

5 552
17
5 110 409
17
17 1711
5 158 981
5 1712
15 17 331 339 660 1713
5 31 137 386 1447 1666
5 23 25 26 31 48 72 78 81 83 87 96 426 521 843 862 992 1097 1112 1173 1207 1602 1606 1620 1691 1714 1715
5
5 31 445 593 930 983 1704
5
17 1702
5 103 705 1489 1716 1717
5 113
5 137
17
5 16 89 674 1240
17 64
5 134 643 1718
5 23 31 48 236 258 325 1181
217 881 1703 1719
5 22 48 178 777 1720
5 103 107 135 186 325 472 643 692 1040 1124 1721
5
5 103 243 327 430 523 545 596 1722
64 103 217 243 327 1709
5 8 15 1723
5
17 1724
5 8 23 31 48 1710
5 76
17 22 128 287 489
17
5 8 113 212 1725
5 35 316 1676 1726
5 41 158 884 1397
17
5 22 881 1722
17 1727 1728
5 31 129 453 1435
5
4 5
5 227 276 297 864
5 958 1677
17 1729
5 25 96 864 983 1059 1151 1217
5 1039
5 287 489
5
5 851
5 9 190 225 729 1675 1680
5 35 53 1397 1665 1669
5 51
5 15 139 442
17 48 87 379 1321
5 106
5 591
5 29 1391 1730
17 1700
5
17 46 87 220 765 1156 1361 1731 1732
17
5 1673
5 22 90
5 9 15 139 300 430 620
17 1733
5 1734
17 48 1156 1404 1735
5 425
5 68 135 564 672 692 815
5 31 100 365 410 756
5
17 139 898
5 744 854
5 51 57 129 784
5 283 422 982 1736
5 696 1737
5 1391
17 31 90 130 441 1181 1738 1739
5
5 158 186 1740 1741
5 103
5 8 1179 1698 1742
5 66 983 1059 1743
5
5 89 552
5 22 1676
5 64 1744
5 858
5 110 593 983 1102
5 1745
17 87 248
17 1746
17 64 1747
17 22 54 1669
17
8 17 164 175 212
5 1669 1710
48 57 777
5 409
5 89 1488
5 158 186 1670 1748
5 54 243 327 495 1749
17 1147
5
5 158 1249
5
17 31 765 1750
5 90 275 280 348 1397 1587 1751
5
4
5 15 179 378 430 741
5 31 168 430 983 1669
17
16 83 87 246 297 385 765 1397
5 106 111 144 635 1752
5 9 67 297 1753
5
5
5 30 35 113 1282
17 110 464 616 633 1754
5 31 54 160 495 1310
5 8
5
5 31 67 654 1704 1755
5 103 1101 1692 1748
5 10 14 132 441 452
5 10 1692
17
5 31 186 211 243 1716
17
5 982 1132
5

5 348
5 16
5 31 1625 1703
5 32 35 103 1669 1676
17
5
5 8 31 137 1706
5 23 25 31 87 128 207 211 227 579 731 851 1006 1665 1732 1756 1757
5 158 186 804
5 25 31 87 295 297 1697 1758
17 385
17
5 135 139 262 423 452 515 578 819 1185 1592 1736
5
5
17 186 1477
5 31 134 386 430 495 654 1669
5 48 103 952 1710

1281
5
17 540
5 430 452 749
5 62 66
5 285 1759
17
5 71 112 139 200 673
5 158 186 200 325 591 710
5 178
35
5
17 35 331 1760 1761
5 245 673 725
5 16 31 54 136 168 430 701 1738 1762 1763

17 881
17 1742
17 1398 1764
5 35 211 314 1665 1706
3 5 19 48 87 97 132 340 422 465 1143
5 31 42 236 383 409 1154 1272 1273
5 186 441 636 1695
5 1711
17
5 1765
17
5 28
5 1173 1688
5
17
17
5 8 66 408 982 1742 1766 1767
5 158 1675
66 316
5 9 23 31 81 295 379 503 804 1173 1703 1768
5 76
5 41 103 1747
5
17 48 57 179 607 1769
5 77 441 810 1770 1771
61 1772
5 26 64 186 304
5 1672 1773
17 151 331 1674 1774 1775 1776
5 159 624 1477 1733 1777
5 99
17 66 378 1167
5
17
5 16 20 23 26 31 37 65 67 83 87 227 304 549 1778
5 54 982 1717
3 5 19 54 243 327 410
5 160 1734
5 62
5 10 31 186 1083 1160 1206 1207
5 168 545 1704
5 118
17
5 35 591 1767 1779
17 25 518 1725 1780
17
17
5 9 16 1781
4
5 103 340 423 696
5 51 103 952 1710
17
5
17 497 1735 1782
5 191 243
5 160 339
31 35 248 362
17
5 137 227 246 269 549 1770 1783
5 51 186
5 1195 1698 1766
17
5 9 14 16 89 106 129 620 1533 1721 1776 1784 1785
5 25 31 64 83 218 1282 1625
17
5 10 103 158 186 1773 1786
5 186 200 304 643
5 15 134 214 1787
5
17 31 159 1788
15 17 36 48 306 946 1769 1789 1790
5 31 338 1102 1698 1742 1791
5 25 295 1665
5 533 696
5
5 22 285 1039 1156 1757
5 8 23 31 48 74 186 269 710 725 815 864 1707 1792
5 338 1699
5 1112 1793

17 31 162 214 297 731 1160 1207 1687
17 35 1727
5 1794
5
5 64
5 533
9 17 430 864 930 1728
17 25 31 383 464 518 578 941 1006
10 15 17 31 378 430 1477
17
17 1693
5 65 227 515 660 692 1795
17
17 36 227 549 1040 1167
5 35 297 445 881 1668
5 19 25 31 87 1082 1675
5
5 18 31 42 90 364
14 17 67 132
17 73 339 430 864
5 578 1792
5
5 952 1665 1706
5
5 197 218 830 1784
5 158
17
17 752 1796
5 12
17
5 89 445 1539 1797
5 8 35 164
5 179
5 67 99 790
17
5 25 26 31 83 94 107 383 518 983 1537 1618 1665 1698 1791 1798 1799 1800
5 41 198 304 515 1533 1684
5 115 285 636 1789
17 57 159 843 1102
5
5 25 62 83 218 1780 1799 1801
5 13 15 214 830 1802
5
5 725
5 31 1233
5 383
17
10 41 654
5 15
4 5 9 10 68 243 327 1151 1803 1804
5 31 1382 1710 1794 1805
5 10 57 178 1669
5 25 96 212 216
5 1745
5 19 57 62 159 297 327 1670 1708 1806
87 139 217 227 300 481 1277 1382
5 10 1151
5 48 57 83 941 983 1187 1397 1676
5 129 579 723 983 1807
15 17 164 654 1409 1669
5
5
17 165 197 1808
5 87 1809
17
17
5 958
5 654 881 1704 1750 1810
17 1811
9 17
10 17 103 430 983 1754
5
17
120 262 426 428
5
5
5 9 442 751 851 1812 1813
5 41 57 67 74 297 348 509 1073 1814

5
17 481 742
5 15 206 550 771 1778 1815
5 25 48 777 1694
15 17 31 89 100 382 423 593 1788 1816
5 28 864 1167
17 103 430
5 64
17 1696 1724
5
5 57 135 227 251 472
17
17
5 598 862 1040 1738
5 144 211 430 1793
5 51 364 1669
5 35
5 57 276 1120 1717
5 654 674 1665 1698 1817 1818
5 28 211
17
17
5 191
5 15 89 110 316 579
5 1054 1334
5 103 251 1669 1676
5
217
5 330 339
17
5 751 1538 1670 1806
5 1676
5 1670 1782
5 1819
5 32 776
5 35
17 35 1820
5 216
17 947 1147
5 51 66 378
4 5 8 1698 1742 1800
5 67
5
17
5 144 428
5 22 51
17 31 35 382 765 1816 1821
5
5 15 22 348 453 621 651 1822

17
5 1488
5 9 15 22 23 262 300 339 1404
5 65 952 1665 1706
5 1293
5 8 596 1698 1742 1765
5 62 1823
5 35 81 87 96 815 1217 1251 1606
17 22
5
17
17
5
5
5 552 598 1207
5 983 1184
5 1763
5 31 139 203 243 297 1304
17
5 8 31 42 48 268 654 983 1166 1665 1798
5 64 378
17
5 16 481 1383 1665 1723 1824 1825

5 674
5 99
5
5
17
5 37 67 1179 1691
17 1764
5 160 203 297 410 452 636 1726 1787
5 158 186 1721
17 41 1672 1786 1826
17
5
5 158 186
5 51
5 851 958 1703
5 64 1827
17
5
5 22 99 158 186 642
5 26 42 57 87 326 579 672 709 1252 1665 1824 1827
17
17 35 442
5 10 928 1689
5
17
17 139
5 1828
5 211 701 1665 1706
17
5 160 1147
5 31 48 83 1703
5 16 113 200 262 269 601 793 794

5 31 53 348 1155 1635 1829
115
5 441 636 643 701 810
5 16 316 327 386 574 1059 1665 1706
5 64
17
5 1696
5 1741
5
15 17 57
15 17 89 258 589
5 25 26 27 288 1698
5
17 54 186 636
17 1813
17 22 1742
5 1039 1223 1669
17 119 1160 1207
17
5 1829
4 5 18 31 1676
5 135 262 326 672 830 1785
17 35 64
5 1690 1830
5 115
5
9 17
5
5 31 61 428 982 1187 1537 1665 1719 1817
5
15 17 25 31 117 408 1729
5 1073 1811 1831
3 5 48 53 67 73 93 472 633 749 1252
9 17 103 430 442 993 1158 1167 1755
5 1256
5
5 9
5
5 62 135 1587 1751 1832
17 31 117 464
17
4 5 14 164 578 759 904 1206 1665 1706
4 5 35
5 1833
5 1777
5 22 72 99 184 518 579 843 1681
5
5 871
5 14 41 57 66 386 428 784
17 1744
9 17 67 423 472 589 1834
5 952 1665 1698 1706 1742 1791
5 103 386 1812
17
5 105
17
5 285
31 35 54 89 106 217 288 776 1281 1665
5 158 409 981
5
5
5 8 23 48 1184 1186 1749
5 1701
5 1745
54 217 430 495 725 1277 1322
5 22 30 83 253 482 589 651 1489
5 672
5 211 654 1059 1807 1835
17 200 335 423 495 709 1743 1805
5 64
5 158 186
5
17
5 83 1167 1233 1620
5 211
17
17
5 1667 1675
17 61
5 325 643 793 794 851 1721 1836
5
5
5
5 51
17 89 138 378
17 363 1240 1766 1771
17
5 57 243 276 1695 1755
5
5 31 159 851 983 1779
5 15 16 46 71 136 261 709
5 48 57 325 331 946 1819
17 68
5
5 31 99 248 430 1537 1804 1810
211 497
17
5 103 211 316 983 1665 1818
5
5 57 327 430 751 983
17
5 276 1837
5 10 1054 1762
5 156 227 339 423 854 1718
5 18 31 48 83 941 1100
17 211 593 1807
17 1181 1746 1838
17
5 15 952 1665
17 751

5
5 100 158 186 276 495 593 784 1185

5 211 288 1665 1766
5 442 593 864 1786
17
5 112 442
17 54 385
5 227 1682
5
5 8 31 89 280
22 217 1839
5 64 99 1010 1158
5 31 66 1006 1756
17 26 759 1840

5 76
5 23 26 36 48 220 598
17 1760
5 158 186 262 409 1730
4 5 1665 1706
5 35
17
5 13 15 16 41 182 243 540 1713
5 327 1083
17
5 139 425 1120 1782
5 99
5 156 186 1249
35 217
5 930
5 8 10 57 654
17
17 22 89 211 285 362 1683 1771 1802
17 654 1683
17 35 64
17 589 1822
5
5
5
5 18 31 48 495 1520 1841 1842

5 236 549 701 1707 1719 1791 1835
17 64 1735 1783
5
1826
5 198
9 12 17 107 139 1843 1844
5 48 54 696 1807
17 1845
5 64
5 46
5 1846
17
17 29 31 211
1082 1817
5
5 9 35 54 85 144 1704 1747
5 15 35 211 1665 1706
5 378
5 923 1100 1256 1702
5 137 484 1103 1398
17
5 32 243 286 327 1695
17 48 57 1720
5 87 186 220 243 338
5 57 160
17 35
5 1447
17 430 1158 1669
17
5 35 1293 1704 1815 1831
5 930
17
5 31 243 1833
9 15 16 17 200 246 639 1775 1797 1847
5 64
5 99
5 20 22 73 363 1752 1812
5 285 1310 1687
5
8 9 17 31 35 327 751 993 1848
5 8 760 1195 1710 1791
17
17 206 280 507 1774

5 35 64 1750 1826 1837

5 118
5 35 65 1703 1704
5 10 32 654
17 19 54 285
5 27 35 78 1186
5 99
17 30 1166 1849
5 25 1694 1698 1710
5
14 17 31 132 507 1040
17
5
5 1850
5 952 1665 1759
5 19 186 243 327 593 862 864 1851
17
17 1739
5 64 495 1710
5 51 64
5 35
5 1686
5 593 1807
7 17 19 23 25 83 87 155 197 218 495 593 675 864 1278 1731 1737
5 515 607
15 17 1010
17 158 186 1849
5 134 211 1665 1706 1800 1852
5 57 186 316 441 742 1322 1801 1807
17 83
5 31 211 386 1278 1669
5
5 636
17
5 158 216 1853
5 37 105 1592 1854
17
17
17 1855
5
5 25 1207
5
1489 1706
5 14 119 211 1102 1705
5
5 35 725
17 1669
5
5 14 327
5 134 1272 1273
5 381 1834
5 36 61 178
5 105 135 692
5 31 363 441 515 981
5 465 1723
5 314
5 105 158 186 200
5 1696
5 18 57 115 211
5 1124
5 25 96 777
17 25 31 184 295 579 1710
8 14 17 31 74 107 132 151 509
17
5 25 31 54 83 864 1097 1715
5 31 73 83 87 93 830 1781
17 18
5 624
17 1796
5 41 178 396 1435 1592 1814 1838
5 186 243 1730
5 64
5 67 71 344 598 1823
5 16 51 578 864 1132 1842 1851 1856
17 881
5 36 158 186 253 1432 1836
533
17 211 639 1103 1807
5 23 26 35 48 503 1156
17
51 83 579
17 243 383 1159
17 752 1683 1821
17 1843
5 871 1710 1740 1857
5 741
5 186 243
5 316
5
409 497 1155
9 16 17 430 983
5 16 22 771 1027 1795
5 1858
5 8 87
17 495 1859
5 1839
5 57 67 261 285 1027
5 48 135
5 32
5
5
5 64 1179
5 1606 1809 1860
17 35 430 983 1808
5 378 495 1304 1665 1706 1710 1844
5
10 17 27 31 81 1102 1173 1788 1840 1848
5 57 120 1383
17
5 25 355 1112
5 22 99 1339 1860
5 227 515 1538
5 8 31 1665 1706
17
5 66 430 795 1409 1852
5 383 1797
5 31 51 150 598 864 958 1151 1156 1361 1520 1803
17
5 41 65
5 23 31 48 77 87 297 1153

5
5 629
5 958 1361 1850
5 211
5
5
5 1845
5
5 947
17 25 31 97 327 983 1059 1064 1681 1761 1786 1830 1861
5
5 14 132 589 1076 1820
62
5 1858
17 130 182 327 578 593 598 819 1706 1769
5 245 430 904 983
5 136 674 1856 1862
5 1828
5 64 409 452
5
5 99
5
5 35 227
5 57 106 178 211 1322 1665 1706 1859
5
5 1855
17 1772
17
5 339
5 297 564
5 10 35 156 268 1848
17 732
5 8 31 48 482 1489 1710 1766
5
5 306
5
17
5
5 287 423
17
5 297
14 17 132 331 383 1707 1742 1857
5 1310 1447
5
17 35
17
17 23 25 31 72 78 87 90 275 1102 1155 1678
5 54 61 110 325 495
17 1753
17 31 243 1223
5
5 48 326 465
17 159
5
17
8 17
5 297 442 486
8 17 35 709 711
5 25 26 27 62 83 87 297 1863
5 729
17
17 31 54 623
5 35 297 709 862
5 62
5
5 14 23 25 680 929 1864 1865
5 22 65 486 598
5 178 274 410 679 1161
5 871
35 217 297 862
15 17 22 35 1866 1867
4 5
17
5 37 67
1 5 8 25 31 48 83 218 409 1868 1869
17
5 348
17 22 1783
8 17 31 430 495 654 954 983 1706 1870
5 25 1110 1170
5 84
5 598 1076
17 111 1871 1872
5 25 31 93
5 186 323 932 1173 1588
5 112
100 150 533
17 18 31 80 82 83 1873 1874
5 32 68 1875
5 100 297 1876
17 87 738
5
5 25 83 134 155 1877
5 36 57 132 246 308 423 1878 1879
5 54 430 1869
8 17 732
5 8 36 206 212 597 1006 1880 1881 1882
5 18 103 709 1875 1883
1 5 8 983 1240 1725 1868 1884
5 18 186 636
17
5 1138
17 18 31 35 269 1770 1885 1886 1887
5 54 843
8 17 36 37 136 164 213 421 1888
5 871
5 1054
5 8 31 112 136 213 285 421
5
103 1538 1889 1890 1891
5 8 74 134 1888 1892
5 8 36 274 821
17 18 31 275 331 696 1871
17 18
8 17 711 1870
5 830
5 35 83 197 1872
5 8 51
17
5 31 100 135 243 1544 1597 1893 1894
5 100 327 430 495 629
17 325
5 288 1895 1896 1897 1898
17 18 1871
17 158 186 325 1899
5 18 23 48 1082 1094 1900
5 674
5 276 420 1901 1902
8 15 17 89 139 1870 1903
5
5 31 928 1830
17 18 654
5 658
5 8 15 824 1076
17 54 433 898
5 74 325 328 824
17 35 732 1783
7 14 19 54 132 1687
5 297 325 459 578 1904
5
17 42 54 68 78 557 654 1905
5 25 80 83 87 518 1872 1906
5 113 1907
5
5
5
17 243 821 1889
5 62
17 18 1908
17
5 57 62 767 1706 1909 1910
5 13 54 1875 1911
5 7 16 37 106 160 1912 1913 1914
5 22 32 325
17
1 17 18 31 35 48 1072 1868 1915 1916
114
1 17 18 48 1870
5 8 32 381 651 1917
5
5 31 139 186 327 344 472 1695
17 18 289
8 17 888 1907
5
5 674
5
103 186 363 1879
5 48 53 62 110 390 1878 1918
5 67 1891 1919
8 17 1920
5 35 1921
17
5
8 17 35
5 1922 1923
5 1895
5 18 30 31 114 430 1310 1475 1537 1924
5 8 31 35 48 53 1529 1925 1926
17 35
17 18 66 141 1871
5 18 1876
5 243 1891
5 62 946
8 17 31 42 654
5 23 25 637 1107 1927
17 42 103 381 1874
139 276 472 1890 1928
5 103 297 729 1879 1889 1891
57 64 217 993 1075
5 26 1485
5

5 1076
5 674
5 18 35
5
17
17 1885 1887 1929 1930
5 1518
17 18 1931
17 18 94 481
17 1932
5 67 1919
5 186 243 348 1933
5 31 99 1538 1889 1891 1934
5
10
5 18
5 550
54 217
17 946
17 18 48
5 325
5 274 325 529 1904 1935
5 1936 1937
5 67 186 316
17
8 17 31 35 89 898 1871
5 31 81 83 117 383 1149 1830 1938 1939
5 18 35 954
5 62 110 274 1940
5 57 325 851
5 8
5 114
15 41 48 89 158 186 206 217 515 1158 1161
8 17
5 1281
8 103 958
5 15
17 31 752 1082 1656 1941
17
17
5 25
5 67 550 598
17
5 67 327 1890
5
5 518 1158
32
5 533
8 17 35
5 1082 1310
17 23 25 31 48 78 97 475 1207 1616 1942
15 16 17 54 136 595 1893
5 578 598 722 982
5 8 1475
5 99 325 946
5 227 549
5
17 381 883 1943
5 118
5 316 515 1538
17
5 105 132 139 159 325 378 423
5 1944
17 22 31 67 132 331 463
5 15 106 154 288 1082
5 8 35
5 8 22 164 187 1945
8 17 31 212 1040
5 31 132 186 1946
5 31 74 114 239 881 1947
5 8 35
5 1948
5 31 53 243 327 463 654
5 8 13 1870 1924

5 134
5 135 692
5 22 51 597
17
17 18
17 18 35 48 57 1082 1871 1931
5 23 25 27 80 83 155 197 557 595 1110 1949
15 17 25 81 165 486 518 1927 1938 1950
3 13 17 22 227 325
1 5 22 54 66 243 1695 1870 1951
5 982
5 67 297
5 18 547 928 1871 1932
5 8 1870 1903
8 17 83 97 1006 1952 1953 1954
5 243 1695
5 54 297 636 654 729 1538 1890
17 18 22 35 1873
5 288 325 552 1879
8 17 821 1871
1 17 100 1870 1908
8 17 1207
17 25 152 433
186 1955
5 1460 1881
5 68 132 180 212 1956 1957
8 17
5 475 936
5 134 243 1889 1891
1958
5 325 763
5 67 297 1485 1955
17
5 7 100 227 327 993
5 156
8 17 18 1871
17 54 211 752
17 752
17 31 42 66 1874 1884 1959
5 84 1960
7 17 19 54 1725
5 452
5
5 22 25 31 132 165 323 1149 1588
5 206 243 262 642 1889 1890
5 67 297 830
17 37 132 227 325
17 214 381 1635
5 67 73 325 366 550 1961
5 16 53 115 187 277 1962 1963
17 31 81 994 1072 1950 1964 1965
5 982
5 25 78 81 83 87 93 155 165 297 420 994 1094 1620 1964 1966
5 1889
5 54 118 1868 1967 1968
8 17 654
5 62 1969
430 593 983 1537
18 57 217 1475 1885 1887 1900
8 17 1970
4 5 37 212 1912
17
5 67 654
1 5 8 193 1870 1959 1963 1971
17 35 54 862 1706 1868 1972
17 18 1597 1871
5
5 1281
5
5 25
5 22 100 108 186 243 1973 1974
5 275
17 18 57 93 94 1574
5 387 1914 1975
5 26 31 297 390 1249 1878 1976
1 8 16 57 1656 1868 1954 1966
5 117 136 214 297 637
17 732 1959 1970
5
5 67 679 1891
17 54 81 82 994
5 62 1975
5 327 430 1544 1877
17 54 57 248 1635 1977
8 17
5 1296
5 297 946 1935
5 81 1978
5 22 99 297 325 635 1083
5 15 53 325 1124 1588 1620 1979 1980
180
5 25 27 31 35 93 1616
5 763 1981
5 8 35 89 552
17
5 15 31 164 248 285 1982
5

5 18 19 48 57 99 110 1957 1983
5 27 93 186 1889
17 89 262 578
17 57 325 327 635 1557
17 31 36 42 635 767 1913
17 37 1984
5 14 132 151 1961
5 22 23 25 31 48 99 132 423 1878 1985
17 1937
17 557 1876
5 35 99 297
5 26 31 197 297 445 680 819 1962
17 18 35 61
7 15 17 22 35 54 141 1956
5 37 459 1538 1889 1891
1 5 18 35 1289 1870
17 41 129 132 186 325 1879
5 37 67 1986
5 8 15 22 31 48 89 954 1538 1870 1987
8 17 776 1725
5
3 5 227 390
5 1944
31 54 217 1075
5 12 42 57
8 17 22 35 411 1866
5 31 1725 1869 1988
17
17 18 35 111 289 881 883 1871
17 159 654 1892 1989
5 99 158 186 595 1990
5 18 22 48 87 1991
5 1518 1917
17 139 154 706 1992
15 17 22 193 1971
17 186 426 428 430
5
17 18
5
5 22 32 1725
5 409
4 5
5 8 1993
5 22 57 325 363 1983
5
5 159 212 363 1355 1822
17 18 1989
5 1948
1 5 18 186 636 1310 1911
17 18 22
5 28
5 288 481 1923 1994
17 18 349 738 1885 1887
1 72 106 1173 1870 1871 1872
17 26 35 74 349 1170 1987
5
17 18 1899 1932
5 99
5 158 186 1995
5 344 636 1542 1717 1933
5 18 22 411 547 936 1178 1867
7 17 22 31 48 54 89 481
1 17 22 100 354 1870 1996
1 5 18 409 1870 1984
17 48 81 1006 1082 1725 1997
4 5 22 754
17 1931
1 5 18 30 31 48 78 89 1868 1880 1967
5 22 31 67 186 982 1879
17 57 68 186 1889 1890 1891
8 17 31 1725
17 25 31 48 81 1107 1264
5 57 1280 1896 1981
5 316
17 18 136 1918 1998
5 763 1491 1896 1897
17 690 754 765 774
5 1994
5 18 629
5 31 36 475 754 1902
1 17 18 31 35 1870 1954
5 1986
5 91 158 173 186 325
5
5 35 243 316 1889 1891
16 48 57 179 217 481 795 1718
5 67 297
5 37 57 243 1538 1891 1999
5 709 722 1124
17
5 325 635
5 87 139 276 862 1251 1979
5 18 48 1475 1870 1946 1968
5 42 1945
5 8 35
5
5 23 48 57 179 186 363 423 481 564 812 862 1890 1891 1926
217
5 32
17 110 274
5 328 1538 1889 2000
5 54 72 197 1251 1620 1953
5
8 17 31 36 48 81 83 108 136 1871 1925 2001
5 36 61 67 325 1075 1889 1969
8 17 31 35 73 211 752
17
5 8 31 48 51 597 1355 1870
5 32
5 28
5 674 2002
5 459 578
5 22 23 25 26 27 31 83 87 99 110 159 218 325 426 428 463 529 1422 1879 1889 2003 2004
5 48 243 1695 1898
17
5 156 186 423 636 696
5 51 774 2005 2006
4 5
17 22
5 65 672
17
17 35
5 7 211 327 636
8 17 202 1422
17 1929
17 64 2007
5 12 18 32 103
5 186 297 1083
17 18
18
5 35 518 1870
17 66 83 1965
433
17 18 35 888 1885 1887
5 25 27 31 36 80 83 132 308 325 1879 1910 2008
8 17 31 48 1725 1871 1954
5 144
5 48 83 100 101 1687 1875 1883
5 36 325 1083 1878 1879 2009
3 5 31 132 297 325 459 1249 1894 1934 1983
8 17 202
17 111 151 386 1240 1882 1977
5 22 67 173 325 878 1940 2007

17 67 423
5 35 158 186 591
5 1281
17 18 1871
331 410 459 1972
5 1281 1809
5 51 1822
5
5 674
17 35
5 31 67 78 186 1878 1879 2004 2010
5 83 155 654
17 1997
430 2009
17 18
17
5 543
5 1280
5 144
17 31 269 2011
17 23 81 1574 1978 2001
17 18 1885 1887
5 830
5 71 325 1544 2008
8 17 30 35 269 1866 1992
5 15 378 1988
1056 1264
5 67 946 1922
5 481
17 18 35 1871
5 1083 1529 1889 1891
17 54 930 1542
5 10
17 1876
5 35 51 472 1695 1889 1917 2000
17 147 1876
5 409
17 18 433 878
5 243 1889 1890 1918 2011
17
5 37 103 243 515 929 1695 2012 2013

5 178 186 1083 1178
4 5 100 423 441 696
5 8 115
1 15 17 23 25 26 31 48 72 94 381 518 1870 1885
8 17 22
5 14 239 249 354 2002
17 18 31 35 48 94 1871 1952 1954
5 18 152 928 1040
17 31 53 164 325 366 651 1056 1361 1886
17 1546
5 54 99 135 578 623 636
5 1995
5 991
5 830
25 31 54 72 83 87 158 202 218 1939 1959 2014
17 18 35 1310 1871
5 62 68 110 135 692
5 32
5 26 31 67 83 87 97 243 843 1075 1889 1930 1936 2000
17 100 593 1909
1876
5 112 186 243
17 18 35 595 2015 2016
17
5 1889 2017 2018
17 18 1990
5 1460
8 17 35 711 1865
5 325 991
5 36 48 100 316 331 1949
5 8 99
5 51
5 25 27 67 80 83 87 97 103 297 564 830 1083 2017
5
17 23 100 738 2019
17 25 31 35 518 1908 1915 1967 2020
5 103 1999
5 178 578 1809
5
17 25 36 83 218 1870
5 67 1879
5 243 327
5 830
17 18 1876 1906 1960
5 249 262
8 17 31 35 48 898 1943 1954 1996
5 31 1422
8 17 35
5 543
5 1921
5 1995
8 17 821 1809
5 160 363 1998 2009
5 25 812 1965
5 658
1 5 18 31 48 198 1868 1869 1876 1954
17
17
17 35 265
5 31 68 129 1878 1879 1983
5 62 103 158 227 549
5 19 37 54 198 766
5 32 442
139 186 243
5 274 325 642
5 100 595 930
17
10 17 89 325 598 1542 1905
17 54 711
5 35
5 18 113
5 629
5 18 35 105 265 1871
5 91 186
5 37 325 1083 2021
5 67 297
5 32 36 1876
5 1981
1 17 18 22 31 48 1870 1887 1967 1968
5 851
17 18 36
5 459 1904
5 2018
5 110 139 274 316
8 17 48 54 83 654 1574 1982
5 29 297 410 549
17 18 1949
17
5 1995
5 62 135 672
17
5
17 325 1546
5 8 31 36 932 1717 1863
5 243 629 1695 1980 2016
5 67 159 186 1296
5
7 17 23 78 635 738 1635 2019
17 18 35
5 2010
5 13 16 22 31 277 327 383 387 767 774 1947 2022
5 144
5 8 30 89 108 164 595 1529 1974 2015
5 22 31 658 1635
5 186 1083 1281 1951
17

5 8 35
17 139 824 898 1809
5
5 113 274 1879 1934 1976 2009
5
5 114 2005
5 64 276
17 2023
5 18 29 103 430 658 1537 1973
17 752
5 1491 1560 1879
5 18 115 211 430 983
5 8 83 155 197 1110
5 1875
5 15 48 452 1871 1941 2020
17 18 31 227
8 17 100 2024
17 1557
5 18 48 1725 1885 1887 1925 1958
17 54 159 211 441
17 35 54 1942 2014
5 186 243
5 32
654
17 711
17 239 754 2005 2023
5 1207
5 22 53 87 348 1935
17
4 5 57 87 103 297 549 1879 1889 1891 2003
5 113
5
1 17 68 83 381 1138 1870
17 48 83 1864 1993
17 146 711
5 36 144 227 1635
5 67 146 423 1695 1879 1889 1891 1916 1976 1991 2012 2013
5 325
5 243 1889 1890
17
31 158 243 515
5
5
5 22 129 386
5 12 115 1901
5
17
5 100 591
5 89 325
17
5 18
17 1635

5 54 87 89 1979
5 18 19 54 1054 1928
1560
5
5 31 78 99 331 423 2021
5 635
5 18
5 118 297 862
5 1895
5 243 819 2017
5 54 654 1706 1982
5 186 274 325
